# -------------------------- o --------------------------
# File ID: /datag/public/A_Sign_in_Space_raw_h5/blc33_guppi_60067_71161_3C48_0007.rawspec.0002.h5
# -------------------------- o --------------------------
# Source:3C48
# MJD: 60067.82362268519	RA: 01h37m47.448ss	DEC:+33d10m42.96s
# DELTAT: 1.073742	DELTAF(Hz):  -2861.022949	max_drift_rate: 24.2230478	obs_length: 119.185342
# --------------------------
# Top_Hit_#	Drift_Rate	SNR	Uncorrected_Frequency	Corrected_Frequency	Index	freq_start	freq_end	SEFD_freq	Coarse_Channel_Number	Full_number_of_hits
# --------------------------
000001	24.223048	264.488007	8437.501444	8437.501444	513	8437.500000	8437.502887	0.000000	0.000000	0	3
000002	0.000000	539.226990	8437.500000	8437.500000	512	8437.500000	8437.500000	0.000000	0.000000	0	2
000003	24.223048	214.359573	8434.571756	8434.571756	513	8434.570312	8434.573200	0.000000	0.000000	1	3
000004	-24.223048	214.158981	8434.571730	8434.571730	511	8434.573174	8434.570286	0.000000	0.000000	1	3
000005	0.000000	435.848206	8434.570312	8434.570312	512	8434.570312	8434.570312	0.000000	0.000000	1	2
000006	24.223048	218.435974	8431.642069	8431.642069	513	8431.640625	8431.643512	0.000000	0.000000	2	3
000007	0.000000	445.211334	8431.640625	8431.640625	512	8431.640625	8431.640625	0.000000	0.000000	2	2
000008	24.223048	221.389633	8428.712381	8428.712381	513	8428.710938	8428.713825	0.000000	0.000000	3	3
000009	-24.223048	221.101044	8428.712355	8428.712355	511	8428.713799	8428.710911	0.000000	0.000000	3	3
000010	0.000000	446.838562	8428.710938	8428.710938	512	8428.710938	8428.710938	0.000000	0.000000	3	2
000011	24.223048	214.125671	8425.782694	8425.782694	513	8425.781250	8425.784137	0.000000	0.000000	4	3
000012	-24.223048	215.948944	8425.782668	8425.782668	511	8425.784111	8425.781224	0.000000	0.000000	4	3
000013	0.000000	436.525818	8425.781250	8425.781250	512	8425.781250	8425.781250	0.000000	0.000000	4	2
000014	24.223048	209.245300	8422.853006	8422.853006	513	8422.851562	8422.854450	0.000000	0.000000	5	3
000015	0.000000	426.323914	8422.851562	8422.851562	512	8422.851562	8422.851562	0.000000	0.000000	5	2
000016	24.223048	208.575912	8419.923319	8419.923319	513	8419.921875	8419.924762	0.000000	0.000000	6	3
000017	0.000000	422.606995	8419.921875	8419.921875	512	8419.921875	8419.921875	0.000000	0.000000	6	2
000018	24.223048	209.334579	8416.993631	8416.993631	513	8416.992188	8416.995075	0.000000	0.000000	7	3
000019	0.000000	424.707245	8416.992188	8416.992188	512	8416.992188	8416.992188	0.000000	0.000000	7	2
000020	24.223048	205.884064	8414.063944	8414.063944	513	8414.062500	8414.065387	0.000000	0.000000	8	3
000021	-24.223048	205.006088	8414.063918	8414.063918	511	8414.065361	8414.062474	0.000000	0.000000	8	3
000022	0.000000	417.015137	8414.062500	8414.062500	512	8414.062500	8414.062500	0.000000	0.000000	8	2
000023	24.223048	195.541290	8411.134256	8411.134256	513	8411.132812	8411.135700	0.000000	0.000000	9	3
000024	-24.223048	195.224716	8411.134230	8411.134230	511	8411.135674	8411.132786	0.000000	0.000000	9	3
000025	0.000000	396.790649	8411.132812	8411.132812	512	8411.132812	8411.132812	0.000000	0.000000	9	2
000026	24.223048	185.882751	8408.204569	8408.204569	513	8408.203125	8408.206012	0.000000	0.000000	10	3
000027	-24.223048	187.181473	8408.204543	8408.204543	511	8408.205986	8408.203099	0.000000	0.000000	10	3
000028	0.000000	378.782013	8408.203125	8408.203125	512	8408.203125	8408.203125	0.000000	0.000000	10	2
000029	24.223048	181.995956	8405.274881	8405.274881	513	8405.273438	8405.276325	0.000000	0.000000	11	3
000030	0.000000	369.691071	8405.273438	8405.273438	512	8405.273438	8405.273438	0.000000	0.000000	11	2
000031	24.223048	182.585526	8402.345194	8402.345194	513	8402.343750	8402.346637	0.000000	0.000000	12	3
000032	0.000000	371.381805	8402.343750	8402.343750	512	8402.343750	8402.343750	0.000000	0.000000	12	2
000033	24.223048	183.562958	8399.415506	8399.415506	513	8399.414062	8399.416950	0.000000	0.000000	13	3
000034	-24.223048	183.064438	8399.415480	8399.415480	511	8399.416924	8399.414036	0.000000	0.000000	13	3
000035	0.000000	374.037018	8399.414062	8399.414062	512	8399.414062	8399.414062	0.000000	0.000000	13	2
000036	24.223048	186.968460	8396.485819	8396.485819	513	8396.484375	8396.487262	0.000000	0.000000	14	3
000037	0.000000	379.619446	8396.484375	8396.484375	512	8396.484375	8396.484375	0.000000	0.000000	14	2
000038	24.223048	183.767044	8393.556131	8393.556131	513	8393.554688	8393.557575	0.000000	0.000000	15	3
000039	-24.223048	183.285934	8393.556105	8393.556105	511	8393.557549	8393.554661	0.000000	0.000000	15	3
000040	0.000000	375.004517	8393.554688	8393.554688	512	8393.554688	8393.554688	0.000000	0.000000	15	2
000041	24.223048	311.490479	8390.626444	8390.626444	513	8390.625000	8390.627887	0.000000	0.000000	16	3
000042	0.000000	631.472900	8390.625000	8390.625000	512	8390.625000	8390.625000	0.000000	0.000000	16	2
000043	24.223048	179.857193	8387.696756	8387.696756	513	8387.695312	8387.698200	0.000000	0.000000	17	3
000044	0.000000	367.794342	8387.695312	8387.695312	512	8387.695312	8387.695312	0.000000	0.000000	17	2
000045	24.223048	181.999664	8384.767069	8384.767069	513	8384.765625	8384.768512	0.000000	0.000000	18	3
000046	0.000000	372.078400	8384.765625	8384.765625	512	8384.765625	8384.765625	0.000000	0.000000	18	2
000047	24.223048	183.296082	8381.837381	8381.837381	513	8381.835938	8381.838825	0.000000	0.000000	19	3
000048	-24.223048	182.359283	8381.837355	8381.837355	511	8381.838799	8381.835911	0.000000	0.000000	19	3
000049	0.000000	371.276764	8381.835938	8381.835938	512	8381.835938	8381.835938	0.000000	0.000000	19	2
000050	24.223048	182.838760	8378.907694	8378.907694	513	8378.906250	8378.909137	0.000000	0.000000	20	3
000051	-24.223048	184.205139	8378.907668	8378.907668	511	8378.909111	8378.906224	0.000000	0.000000	20	3
000052	0.000000	371.880188	8378.906250	8378.906250	512	8378.906250	8378.906250	0.000000	0.000000	20	2
000053	24.223048	191.614029	8375.978006	8375.978006	513	8375.976562	8375.979450	0.000000	0.000000	21	3
000054	0.000000	389.845184	8375.976562	8375.976562	512	8375.976562	8375.976562	0.000000	0.000000	21	2
000055	24.223048	196.848953	8373.048319	8373.048319	513	8373.046875	8373.049762	0.000000	0.000000	22	3
000056	-24.223048	197.351212	8373.048293	8373.048293	511	8373.049736	8373.046849	0.000000	0.000000	22	3
000057	0.000000	400.174957	8373.046875	8373.046875	512	8373.046875	8373.046875	0.000000	0.000000	22	2
000058	24.223048	201.165833	8370.118631	8370.118631	513	8370.117188	8370.120075	0.000000	0.000000	23	3
000059	0.000000	407.747589	8370.117188	8370.117188	512	8370.117188	8370.117188	0.000000	0.000000	23	2
000060	24.223048	204.664368	8367.188944	8367.188944	513	8367.187500	8367.190387	0.000000	0.000000	24	3
000061	0.000000	415.388702	8367.187500	8367.187500	512	8367.187500	8367.187500	0.000000	0.000000	24	2
000062	24.223048	205.649811	8364.259256	8364.259256	513	8364.257812	8364.260700	0.000000	0.000000	25	3
000063	-24.223048	205.347229	8364.259230	8364.259230	511	8364.260674	8364.257786	0.000000	0.000000	25	3
000064	0.000000	416.353577	8364.257812	8364.257812	512	8364.257812	8364.257812	0.000000	0.000000	25	2
000065	24.223048	205.983948	8361.329569	8361.329569	513	8361.328125	8361.331012	0.000000	0.000000	26	3
000066	0.000000	421.381653	8361.328125	8361.328125	512	8361.328125	8361.328125	0.000000	0.000000	26	2
000067	24.223048	213.437057	8358.399881	8358.399881	513	8358.398438	8358.401325	0.000000	0.000000	27	3
000068	-24.223048	214.558807	8358.399855	8358.399855	511	8358.401299	8358.398411	0.000000	0.000000	27	3
000069	0.000000	433.106476	8358.398438	8358.398438	512	8358.398438	8358.398438	0.000000	0.000000	27	2
000070	24.223048	209.330032	8355.470194	8355.470194	513	8355.468750	8355.471637	0.000000	0.000000	28	3
000071	0.000000	426.996796	8355.468750	8355.468750	512	8355.468750	8355.468750	0.000000	0.000000	28	2
000072	24.223048	202.590942	8352.540506	8352.540506	513	8352.539062	8352.541950	0.000000	0.000000	29	3
000073	0.000000	414.782349	8352.539062	8352.539062	512	8352.539062	8352.539062	0.000000	0.000000	29	2
000074	24.223048	201.723969	8349.610819	8349.610819	513	8349.609375	8349.612262	0.000000	0.000000	30	3
000075	-24.223048	204.041565	8349.610793	8349.610793	511	8349.612236	8349.609349	0.000000	0.000000	30	3
000076	0.000000	410.600250	8349.609375	8349.609375	512	8349.609375	8349.609375	0.000000	0.000000	30	2
000077	24.223048	199.659744	8346.681131	8346.681131	513	8346.679688	8346.682575	0.000000	0.000000	31	3
000078	-24.223048	200.201050	8346.681105	8346.681105	511	8346.682549	8346.679661	0.000000	0.000000	31	3
000079	0.000000	405.618347	8346.679688	8346.679688	512	8346.679688	8346.679688	0.000000	0.000000	31	2
000080	24.223048	364.838593	8343.751444	8343.751444	513	8343.750000	8343.752887	0.000000	0.000000	32	3
000081	-24.223048	364.984589	8343.751418	8343.751418	511	8343.752861	8343.749974	0.000000	0.000000	32	3
000082	0.000000	739.533447	8343.750000	8343.750000	512	8343.750000	8343.750000	0.000000	0.000000	32	2
000083	24.223048	198.702393	8340.821756	8340.821756	513	8340.820312	8340.823200	0.000000	0.000000	33	3
000084	0.000000	403.283722	8340.820312	8340.820312	512	8340.820312	8340.820312	0.000000	0.000000	33	2
000085	24.223048	194.338928	8337.892069	8337.892069	513	8337.890625	8337.893512	0.000000	0.000000	34	3
000086	0.000000	397.563843	8337.890625	8337.890625	512	8337.890625	8337.890625	0.000000	0.000000	34	2
000087	24.223048	194.284149	8334.962381	8334.962381	513	8334.960938	8334.963825	0.000000	0.000000	35	3
000088	-24.223048	193.950073	8334.962355	8334.962355	511	8334.963799	8334.960911	0.000000	0.000000	35	3
000089	0.000000	392.936584	8334.960938	8334.960938	512	8334.960938	8334.960938	0.000000	0.000000	35	2
000090	24.223048	192.393173	8332.032694	8332.032694	513	8332.031250	8332.034137	0.000000	0.000000	36	3
000091	0.000000	392.592316	8332.031250	8332.031250	512	8332.031250	8332.031250	0.000000	0.000000	36	2
000092	24.223048	191.613678	8329.103006	8329.103006	513	8329.101562	8329.104450	0.000000	0.000000	37	3
000093	0.000000	391.961700	8329.101562	8329.101562	512	8329.101562	8329.101562	0.000000	0.000000	37	2
000094	24.223048	194.057312	8326.173319	8326.173319	513	8326.171875	8326.174762	0.000000	0.000000	38	3
000095	-24.223048	195.840790	8326.173293	8326.173293	511	8326.174736	8326.171849	0.000000	0.000000	38	3
000096	0.000000	394.371216	8326.171875	8326.171875	512	8326.171875	8326.171875	0.000000	0.000000	38	2
000097	24.223048	197.736298	8323.243631	8323.243631	513	8323.242188	8323.245075	0.000000	0.000000	39	3
000098	0.000000	402.935364	8323.242188	8323.242188	512	8323.242188	8323.242188	0.000000	0.000000	39	2
000099	24.223048	199.451538	8320.313944	8320.313944	513	8320.312500	8320.315387	0.000000	0.000000	40	3
000100	0.000000	403.829102	8320.312500	8320.312500	512	8320.312500	8320.312500	0.000000	0.000000	40	2
000101	24.223048	198.472763	8317.384256	8317.384256	513	8317.382812	8317.385700	0.000000	0.000000	41	3
000102	-24.223048	199.749313	8317.384230	8317.384230	511	8317.385674	8317.382786	0.000000	0.000000	41	3
000103	0.000000	406.539215	8317.382812	8317.382812	512	8317.382812	8317.382812	0.000000	0.000000	41	2
000104	24.223048	203.498047	8314.454569	8314.454569	513	8314.453125	8314.456012	0.000000	0.000000	42	3
000105	0.000000	412.014282	8314.453125	8314.453125	512	8314.453125	8314.453125	0.000000	0.000000	42	2
000106	24.223048	202.095734	8311.524881	8311.524881	513	8311.523438	8311.526325	0.000000	0.000000	43	3
000107	0.000000	410.635590	8311.523438	8311.523438	512	8311.523438	8311.523438	0.000000	0.000000	43	2
000108	24.223048	208.354095	8308.595194	8308.595194	513	8308.593750	8308.596637	0.000000	0.000000	44	3
000109	-24.223048	209.608002	8308.595168	8308.595168	511	8308.596611	8308.593724	0.000000	0.000000	44	3
000110	0.000000	420.153229	8308.593750	8308.593750	512	8308.593750	8308.593750	0.000000	0.000000	44	2
000111	-24.223048	211.386368	8305.665480	8305.665480	511	8305.666924	8305.664036	0.000000	0.000000	45	3
000112	24.223048	211.573761	8305.665506	8305.665506	513	8305.664062	8305.666950	0.000000	0.000000	45	3
000113	0.000000	429.244873	8305.664062	8305.664062	512	8305.664062	8305.664062	0.000000	0.000000	45	2
000114	24.223048	213.085999	8302.735819	8302.735819	513	8302.734375	8302.737262	0.000000	0.000000	46	3
000115	0.000000	436.068146	8302.734375	8302.734375	512	8302.734375	8302.734375	0.000000	0.000000	46	2
000116	24.223048	216.475540	8299.806131	8299.806131	513	8299.804688	8299.807575	0.000000	0.000000	47	3
000117	-24.223048	216.874756	8299.806105	8299.806105	511	8299.807549	8299.804661	0.000000	0.000000	47	3
000118	0.000000	438.440033	8299.804688	8299.804688	512	8299.804688	8299.804688	0.000000	0.000000	47	2
000119	24.223048	274.098175	8296.876444	8296.876444	513	8296.875000	8296.877887	0.000000	0.000000	48	3
000120	-24.223048	274.302826	8296.876418	8296.876418	511	8296.877861	8296.874974	0.000000	0.000000	48	3
000121	0.000000	554.022705	8296.875000	8296.875000	512	8296.875000	8296.875000	0.000000	0.000000	48	2
000122	24.223048	217.154663	8293.946756	8293.946756	513	8293.945312	8293.948200	0.000000	0.000000	49	3
000123	0.000000	443.043213	8293.945312	8293.945312	512	8293.945312	8293.945312	0.000000	0.000000	49	2
000124	24.223048	220.127899	8291.017069	8291.017069	513	8291.015625	8291.018512	0.000000	0.000000	50	3
000125	-24.223048	220.798248	8291.017043	8291.017043	511	8291.018486	8291.015599	0.000000	0.000000	50	3
000126	0.000000	445.779968	8291.015625	8291.015625	512	8291.015625	8291.015625	0.000000	0.000000	50	2
000127	24.223048	223.976883	8288.087381	8288.087381	513	8288.085938	8288.088825	0.000000	0.000000	51	3
000128	0.000000	454.826447	8288.085938	8288.085938	512	8288.085938	8288.085938	0.000000	0.000000	51	2
000129	24.223048	227.661713	8285.157694	8285.157694	513	8285.156250	8285.159137	0.000000	0.000000	52	3
000130	-24.223048	229.378952	8285.157668	8285.157668	511	8285.159111	8285.156224	0.000000	0.000000	52	3
000131	0.000000	463.066406	8285.156250	8285.156250	512	8285.156250	8285.156250	0.000000	0.000000	52	2
000132	24.223048	220.003143	8282.228006	8282.228006	513	8282.226562	8282.229450	0.000000	0.000000	53	3
000133	-24.223048	219.752960	8282.227980	8282.227980	511	8282.229424	8282.226536	0.000000	0.000000	53	3
000134	0.000000	448.013733	8282.226562	8282.226562	512	8282.226562	8282.226562	0.000000	0.000000	53	2
000135	24.223048	220.280731	8279.298319	8279.298319	513	8279.296875	8279.299762	0.000000	0.000000	54	3
000136	-24.223048	221.035843	8279.298293	8279.298293	511	8279.299736	8279.296849	0.000000	0.000000	54	3
000137	0.000000	447.092010	8279.296875	8279.296875	512	8279.296875	8279.296875	0.000000	0.000000	54	2
000138	24.223048	219.996521	8276.368631	8276.368631	513	8276.367188	8276.370075	0.000000	0.000000	55	3
000139	-24.223048	220.593704	8276.368605	8276.368605	511	8276.370049	8276.367161	0.000000	0.000000	55	3
000140	0.000000	446.440430	8276.367188	8276.367188	512	8276.367188	8276.367188	0.000000	0.000000	55	2
000141	24.223048	221.711746	8273.438944	8273.438944	513	8273.437500	8273.440387	0.000000	0.000000	56	3
000142	0.000000	450.739777	8273.437500	8273.437500	512	8273.437500	8273.437500	0.000000	0.000000	56	2
000143	24.223048	223.032959	8270.509256	8270.509256	513	8270.507812	8270.510700	0.000000	0.000000	57	3
000144	0.000000	453.525848	8270.507812	8270.507812	512	8270.507812	8270.507812	0.000000	0.000000	57	2
000145	24.223048	221.812805	8267.579569	8267.579569	513	8267.578125	8267.581012	0.000000	0.000000	58	3
000146	-24.223048	223.087402	8267.579543	8267.579543	511	8267.580986	8267.578099	0.000000	0.000000	58	3
000147	0.000000	451.991516	8267.578125	8267.578125	512	8267.578125	8267.578125	0.000000	0.000000	58	2
000148	24.223048	221.565430	8264.649881	8264.649881	513	8264.648438	8264.651325	0.000000	0.000000	59	3
000149	0.000000	448.492462	8264.648438	8264.648438	512	8264.648438	8264.648438	0.000000	0.000000	59	2
000150	24.223048	220.249542	8261.720194	8261.720194	513	8261.718750	8261.721637	0.000000	0.000000	60	3
000151	0.000000	448.940063	8261.718750	8261.718750	512	8261.718750	8261.718750	0.000000	0.000000	60	2
000152	24.223048	221.229156	8258.790506	8258.790506	513	8258.789062	8258.791950	0.000000	0.000000	61	3
000153	0.000000	447.956970	8258.789062	8258.789062	512	8258.789062	8258.789062	0.000000	0.000000	61	2
000154	24.223048	219.705521	8255.860819	8255.860819	513	8255.859375	8255.862262	0.000000	0.000000	62	3
000155	-24.223048	221.316071	8255.860793	8255.860793	511	8255.862236	8255.859349	0.000000	0.000000	62	3
000156	0.000000	446.350891	8255.859375	8255.859375	512	8255.859375	8255.859375	0.000000	0.000000	62	2
000157	-24.223048	223.113693	8252.931105	8252.931105	511	8252.932549	8252.929661	0.000000	0.000000	63	3
000158	24.223048	221.076569	8252.931131	8252.931131	513	8252.929688	8252.932575	0.000000	0.000000	63	3
000159	0.000000	451.154694	8252.929688	8252.929688	512	8252.929688	8252.929688	0.000000	0.000000	63	2
