# -------------------------- o --------------------------
# File ID: /datag/public/A_Sign_in_Space_raw_h5/blc33_guppi_60067_75323_PSR_B0355+54_0012.rawspec.0002.h5
# -------------------------- o --------------------------
# Source:PSR_B0355+54
# MJD: 60067.87179398148	RA: 03h58m54.336ss	DEC:+54d13m22.08s
# DELTAT: 1.073742	DELTAF(Hz):  -2861.022949	max_drift_rate: 47.923296	obs_length: 299.573969
# --------------------------
# Top_Hit_#	Drift_Rate	SNR	Uncorrected_Frequency	Corrected_Frequency	Index	freq_start	freq_end	SEFD_freq	Coarse_Channel_Number	Full_number_of_hits
# --------------------------
000001	-9.584659	77.207481	8437.501425	8437.501425	511	8437.502861	8437.499990	0.000000	0.000000	0	3
000002	-47.923296	30.558861	8437.498544	8437.498544	508	8437.505722	8437.491365	0.000000	0.000000	0	6
000003	9.584659	77.150055	8437.501436	8437.501436	513	8437.500000	8437.502871	0.000000	0.000000	0	3
000004	47.923296	30.398279	8437.501456	8437.501456	516	8437.494278	8437.508635	0.000000	0.000000	0	7
000005	47.923296	14.616853	8437.501456	8437.501456	517	8437.494278	8437.508635	0.000000	0.000000	0	7
000006	-38.338637	38.084888	8437.499979	8437.499979	509	8437.505722	8437.494237	0.000000	0.000000	0	6
000007	-28.753978	50.566307	8437.501415	8437.501415	510	8437.505722	8437.497108	0.000000	0.000000	0	5
000008	28.753978	50.721336	8437.501446	8437.501446	514	8437.497139	8437.505753	0.000000	0.000000	0	5
000009	38.338637	38.162548	8437.500021	8437.500021	515	8437.494278	8437.505763	0.000000	0.000000	0	6
000010	-9.584659	69.771431	8434.571738	8434.571738	511	8434.573174	8434.570302	0.000000	0.000000	1	3
000011	-47.923296	27.362204	8434.568856	8434.568856	508	8434.576035	8434.561678	0.000000	0.000000	1	6
000012	9.584659	69.628479	8434.571748	8434.571748	513	8434.570312	8434.573184	0.000000	0.000000	1	3
000013	47.923296	27.196669	8434.571769	8434.571769	516	8434.564590	8434.578947	0.000000	0.000000	1	7
000014	47.923296	13.235201	8434.571769	8434.571769	517	8434.564590	8434.578947	0.000000	0.000000	1	7
000015	-28.753978	45.891479	8434.571728	8434.571728	510	8434.576035	8434.567421	0.000000	0.000000	1	5
000016	38.338637	34.241310	8434.570333	8434.570333	515	8434.564590	8434.576076	0.000000	0.000000	1	6
000017	28.753978	45.896782	8434.571758	8434.571758	514	8434.567451	8434.576065	0.000000	0.000000	1	5
000018	-38.338637	34.497463	8434.570292	8434.570292	509	8434.576035	8434.564549	0.000000	0.000000	1	6
000019	-9.584659	70.706642	8431.642050	8431.642050	511	8431.643486	8431.640615	0.000000	0.000000	2	3
000020	-47.923296	27.360752	8431.639169	8431.639169	508	8431.646347	8431.631990	0.000000	0.000000	2	6
000021	9.584659	70.543556	8431.642061	8431.642061	513	8431.640625	8431.643496	0.000000	0.000000	2	3
000022	47.923296	27.322720	8431.642081	8431.642081	516	8431.634903	8431.649260	0.000000	0.000000	2	7
000023	47.923296	13.259548	8431.642081	8431.642081	517	8431.634903	8431.649260	0.000000	0.000000	2	7
000024	-38.338637	34.687786	8431.640604	8431.640604	509	8431.646347	8431.634862	0.000000	0.000000	2	6
000025	-28.753978	46.514420	8431.642040	8431.642040	510	8431.646347	8431.637733	0.000000	0.000000	2	5
000026	28.753978	46.578255	8431.642071	8431.642071	514	8431.637764	8431.646378	0.000000	0.000000	2	5
000027	38.338637	34.588326	8431.640646	8431.640646	515	8431.634903	8431.646388	0.000000	0.000000	2	6
000028	-9.584659	71.243378	8428.712363	8428.712363	511	8428.713799	8428.710927	0.000000	0.000000	3	3
000029	-47.923296	27.967678	8428.709481	8428.709481	508	8428.716660	8428.702303	0.000000	0.000000	3	6
000030	9.584659	71.210815	8428.712373	8428.712373	513	8428.710938	8428.713809	0.000000	0.000000	3	3
000031	47.923296	27.828888	8428.712394	8428.712394	516	8428.705215	8428.719572	0.000000	0.000000	3	7
000032	47.923296	13.017669	8428.712394	8428.712394	517	8428.705215	8428.719572	0.000000	0.000000	3	7
000033	-28.753978	47.154232	8428.712353	8428.712353	510	8428.716660	8428.708046	0.000000	0.000000	3	5
000034	38.338637	35.417381	8428.710958	8428.710958	515	8428.705215	8428.716701	0.000000	0.000000	3	6
000035	-38.338637	35.235893	8428.710917	8428.710917	509	8428.716660	8428.705174	0.000000	0.000000	3	6
000036	28.753978	47.156208	8428.712383	8428.712383	514	8428.708076	8428.716690	0.000000	0.000000	3	5
000037	-9.584659	70.544014	8425.782675	8425.782675	511	8425.784111	8425.781240	0.000000	0.000000	4	3
000038	-47.923296	27.827236	8425.779794	8425.779794	508	8425.786972	8425.772615	0.000000	0.000000	4	6
000039	9.584659	70.574127	8425.782686	8425.782686	513	8425.781250	8425.784121	0.000000	0.000000	4	3
000040	47.923296	27.806736	8425.782706	8425.782706	516	8425.775528	8425.789885	0.000000	0.000000	4	7
000041	47.923296	13.450403	8425.782706	8425.782706	517	8425.775528	8425.789885	0.000000	0.000000	4	7
000042	-38.338637	34.824890	8425.781229	8425.781229	509	8425.786972	8425.775487	0.000000	0.000000	4	6
000043	-28.753978	46.701519	8425.782665	8425.782665	510	8425.786972	8425.778358	0.000000	0.000000	4	5
000044	28.753978	46.644287	8425.782696	8425.782696	514	8425.778389	8425.787003	0.000000	0.000000	4	5
000045	38.338637	34.904648	8425.781271	8425.781271	515	8425.775528	8425.787013	0.000000	0.000000	4	6
000046	-9.584659	69.170380	8422.852988	8422.852988	511	8422.854424	8422.851552	0.000000	0.000000	5	3
000047	-47.923296	26.712624	8422.850106	8422.850106	508	8422.857285	8422.842928	0.000000	0.000000	5	6
000048	9.584659	69.314857	8422.852998	8422.852998	513	8422.851562	8422.854434	0.000000	0.000000	5	3
000049	47.923296	27.029499	8422.853019	8422.853019	516	8422.845840	8422.860197	0.000000	0.000000	5	7
000050	47.923296	13.209494	8422.853019	8422.853019	517	8422.845840	8422.860197	0.000000	0.000000	5	7
000051	-28.753978	45.516888	8422.852978	8422.852978	510	8422.857285	8422.848671	0.000000	0.000000	5	5
000052	38.338637	33.946396	8422.851583	8422.851583	515	8422.845840	8422.857326	0.000000	0.000000	5	6
000053	-38.338637	34.073284	8422.851542	8422.851542	509	8422.857285	8422.845799	0.000000	0.000000	5	6
000054	28.753978	45.561947	8422.853008	8422.853008	514	8422.848701	8422.857315	0.000000	0.000000	5	5
000055	-9.584659	68.545731	8419.923300	8419.923300	511	8419.924736	8419.921865	0.000000	0.000000	6	3
000056	-47.923296	26.461926	8419.920419	8419.920419	508	8419.927597	8419.913240	0.000000	0.000000	6	6
000057	9.584659	68.882126	8419.923311	8419.923311	513	8419.921875	8419.924746	0.000000	0.000000	6	3
000058	47.923296	26.365294	8419.923331	8419.923331	516	8419.916153	8419.930510	0.000000	0.000000	6	7
000059	47.923296	13.085037	8419.923331	8419.923331	517	8419.916153	8419.930510	0.000000	0.000000	6	7
000060	-38.338637	33.486828	8419.921854	8419.921854	509	8419.927597	8419.916112	0.000000	0.000000	6	6
000061	28.753978	45.063126	8419.923321	8419.923321	514	8419.919014	8419.927628	0.000000	0.000000	6	5
000062	-28.753978	45.039825	8419.923290	8419.923290	510	8419.927597	8419.918983	0.000000	0.000000	6	5
000063	38.338637	33.406261	8419.921896	8419.921896	515	8419.916153	8419.927638	0.000000	0.000000	6	6
000064	-9.584659	67.904236	8416.993613	8416.993613	511	8416.995049	8416.992177	0.000000	0.000000	7	3
000065	-47.923296	26.507605	8416.990731	8416.990731	508	8416.997910	8416.983553	0.000000	0.000000	7	6
000066	9.584659	67.855408	8416.993623	8416.993623	513	8416.992188	8416.995059	0.000000	0.000000	7	3
000067	47.923296	26.811792	8416.993644	8416.993644	516	8416.986465	8417.000822	0.000000	0.000000	7	7
000068	47.923296	12.771094	8416.993644	8416.993644	517	8416.986465	8417.000822	0.000000	0.000000	7	7
000069	0.000000	136.542160	8416.992188	8416.992188	512	8416.992188	8416.992188	0.000000	0.000000	7	2
000070	-28.753978	44.844841	8416.993603	8416.993603	510	8416.997910	8416.989296	0.000000	0.000000	7	5
000071	38.338637	33.657291	8416.992208	8416.992208	515	8416.986465	8416.997951	0.000000	0.000000	7	6
000072	-38.338637	33.426865	8416.992167	8416.992167	509	8416.997910	8416.986424	0.000000	0.000000	7	6
000073	28.753978	44.746075	8416.993633	8416.993633	514	8416.989326	8416.997940	0.000000	0.000000	7	5
000074	-9.584659	67.185432	8414.063925	8414.063925	511	8414.065361	8414.062490	0.000000	0.000000	8	3
000075	-47.923296	26.132725	8414.061044	8414.061044	508	8414.068222	8414.053865	0.000000	0.000000	8	6
000076	9.584659	67.650902	8414.063936	8414.063936	513	8414.062500	8414.065371	0.000000	0.000000	8	3
000077	47.923296	26.356813	8414.063956	8414.063956	516	8414.056778	8414.071135	0.000000	0.000000	8	7
000078	47.923296	12.657025	8414.063956	8414.063956	517	8414.056778	8414.071135	0.000000	0.000000	8	7
000079	0.000000	135.559433	8414.062500	8414.062500	512	8414.062500	8414.062500	0.000000	0.000000	8	2
000080	-28.753978	44.151558	8414.063915	8414.063915	510	8414.068222	8414.059608	0.000000	0.000000	8	5
000081	-38.338637	33.123871	8414.062479	8414.062479	509	8414.068222	8414.056737	0.000000	0.000000	8	6
000082	28.753978	44.839390	8414.063946	8414.063946	514	8414.059639	8414.068253	0.000000	0.000000	8	5
000083	38.338637	33.245682	8414.062521	8414.062521	515	8414.056778	8414.068263	0.000000	0.000000	8	6
000084	-9.584659	65.532440	8411.134238	8411.134238	511	8411.135674	8411.132802	0.000000	0.000000	9	3
000085	-47.923296	25.257236	8411.131356	8411.131356	508	8411.138535	8411.124178	0.000000	0.000000	9	6
000086	9.584659	65.546661	8411.134248	8411.134248	513	8411.132812	8411.135684	0.000000	0.000000	9	3
000087	47.923296	25.314915	8411.134269	8411.134269	516	8411.127090	8411.141447	0.000000	0.000000	9	7
000088	47.923296	12.092004	8411.134269	8411.134269	517	8411.127090	8411.141447	0.000000	0.000000	9	7
000089	0.000000	131.459076	8411.132812	8411.132812	512	8411.132812	8411.132812	0.000000	0.000000	9	2
000090	-28.753978	42.975319	8411.134228	8411.134228	510	8411.138535	8411.129921	0.000000	0.000000	9	5
000091	38.338637	31.764687	8411.132833	8411.132833	515	8411.127090	8411.138576	0.000000	0.000000	9	6
000092	-38.338637	31.783535	8411.132792	8411.132792	509	8411.138535	8411.127049	0.000000	0.000000	9	6
000093	28.753978	42.943508	8411.134258	8411.134258	514	8411.129951	8411.138565	0.000000	0.000000	9	5
000094	-9.584659	63.261063	8408.204550	8408.204550	511	8408.205986	8408.203115	0.000000	0.000000	10	3
000095	-47.923296	24.692257	8408.201669	8408.201669	508	8408.208847	8408.194490	0.000000	0.000000	10	6
000096	9.584659	63.338551	8408.204561	8408.204561	513	8408.203125	8408.205996	0.000000	0.000000	10	3
000097	47.923296	24.810909	8408.204581	8408.204581	516	8408.197403	8408.211760	0.000000	0.000000	10	7
000098	47.923296	11.676619	8408.204581	8408.204581	517	8408.197403	8408.211760	0.000000	0.000000	10	7
000099	0.000000	127.181488	8408.203125	8408.203125	512	8408.203125	8408.203125	0.000000	0.000000	10	2
000100	-28.753978	41.625298	8408.204540	8408.204540	510	8408.208847	8408.200233	0.000000	0.000000	10	5
000101	38.338637	30.976244	8408.203146	8408.203146	515	8408.197403	8408.208888	0.000000	0.000000	10	6
000102	28.753978	41.473930	8408.204571	8408.204571	514	8408.200264	8408.208878	0.000000	0.000000	10	5
000103	-38.338637	31.321606	8408.203104	8408.203104	509	8408.208847	8408.197362	0.000000	0.000000	10	6
000104	-9.584659	60.954109	8405.274863	8405.274863	511	8405.276299	8405.273427	0.000000	0.000000	11	3
000105	-47.923296	23.685417	8405.271981	8405.271981	508	8405.279160	8405.264803	0.000000	0.000000	11	6
000106	9.584659	60.727051	8405.274873	8405.274873	513	8405.273438	8405.276309	0.000000	0.000000	11	3
000107	47.923296	23.651314	8405.274894	8405.274894	516	8405.267715	8405.282072	0.000000	0.000000	11	7
000108	47.923296	11.441993	8405.274894	8405.274894	517	8405.267715	8405.282072	0.000000	0.000000	11	7
000109	-38.338637	29.901070	8405.273417	8405.273417	509	8405.279160	8405.267674	0.000000	0.000000	11	6
000110	0.000000	122.233414	8405.273438	8405.273438	512	8405.273438	8405.273438	0.000000	0.000000	11	2
000111	-28.753978	40.388931	8405.274853	8405.274853	510	8405.279160	8405.270546	0.000000	0.000000	11	5
000112	28.753978	40.004436	8405.274883	8405.274883	514	8405.270576	8405.279190	0.000000	0.000000	11	5
000113	38.338637	29.909565	8405.273458	8405.273458	515	8405.267715	8405.279201	0.000000	0.000000	11	6
000114	-9.584659	60.029598	8402.345175	8402.345175	511	8402.346611	8402.343740	0.000000	0.000000	12	3
000115	-47.923296	23.043251	8402.342294	8402.342294	508	8402.349472	8402.335115	0.000000	0.000000	12	6
000116	9.584659	59.914455	8402.345186	8402.345186	513	8402.343750	8402.346621	0.000000	0.000000	12	3
000117	47.923296	23.377285	8402.345206	8402.345206	516	8402.338028	8402.352385	0.000000	0.000000	12	7
000118	47.923296	11.460949	8402.345206	8402.345206	517	8402.338028	8402.352385	0.000000	0.000000	12	7
000119	0.000000	120.085678	8402.343750	8402.343750	512	8402.343750	8402.343750	0.000000	0.000000	12	2
000120	-28.753978	39.132629	8402.345165	8402.345165	510	8402.349472	8402.340858	0.000000	0.000000	12	5
000121	38.338637	29.210548	8402.343771	8402.343771	515	8402.338028	8402.349513	0.000000	0.000000	12	6
000122	-38.338637	29.287165	8402.343729	8402.343729	509	8402.349472	8402.337987	0.000000	0.000000	12	6
000123	28.753978	39.295757	8402.345196	8402.345196	514	8402.340889	8402.349503	0.000000	0.000000	12	5
000124	-47.923296	22.879065	8399.412606	8399.412606	508	8399.419785	8399.405428	0.000000	0.000000	13	6
000125	9.584659	58.788132	8399.415498	8399.415498	513	8399.414062	8399.416934	0.000000	0.000000	13	3
000126	47.923296	22.907963	8399.415519	8399.415519	516	8399.408340	8399.422697	0.000000	0.000000	13	7
000127	47.923296	10.518866	8399.415519	8399.415519	517	8399.408340	8399.422697	0.000000	0.000000	13	7
000128	-38.338637	28.782892	8399.414042	8399.414042	509	8399.419785	8399.408299	0.000000	0.000000	13	6
000129	0.000000	118.905075	8399.414062	8399.414062	512	8399.414062	8399.414062	0.000000	0.000000	13	2
000130	-28.753978	38.332996	8399.415478	8399.415478	510	8399.419785	8399.411171	0.000000	0.000000	13	5
000131	-19.169318	58.680576	8399.414052	8399.414052	511	8399.416924	8399.411181	0.000000	0.000000	13	4
000132	28.753978	38.627258	8399.415508	8399.415508	514	8399.411201	8399.419815	0.000000	0.000000	13	5
000133	38.338637	28.841774	8399.414083	8399.414083	515	8399.408340	8399.419826	0.000000	0.000000	13	6
000134	-9.584659	59.783257	8396.485800	8396.485800	511	8396.487236	8396.484365	0.000000	0.000000	14	3
000135	-47.923296	23.087177	8396.482919	8396.482919	508	8396.490097	8396.475740	0.000000	0.000000	14	6
000136	9.584659	59.797520	8396.485811	8396.485811	513	8396.484375	8396.487246	0.000000	0.000000	14	3
000137	47.923296	22.792688	8396.485831	8396.485831	516	8396.478653	8396.493010	0.000000	0.000000	14	7
000138	47.923296	11.170031	8396.485831	8396.485831	517	8396.478653	8396.493010	0.000000	0.000000	14	7
000139	-28.753978	39.226681	8396.485790	8396.485790	510	8396.490097	8396.481483	0.000000	0.000000	14	5
000140	0.000000	119.647583	8396.484375	8396.484375	512	8396.484375	8396.484375	0.000000	0.000000	14	2
000141	38.338637	28.988213	8396.484396	8396.484396	515	8396.478653	8396.490138	0.000000	0.000000	14	6
000142	-38.338637	28.986263	8396.484354	8396.484354	509	8396.490097	8396.478612	0.000000	0.000000	14	6
000143	28.753978	39.243240	8396.485821	8396.485821	514	8396.481514	8396.490128	0.000000	0.000000	14	5
000144	-9.584659	59.273369	8393.556113	8393.556113	511	8393.557549	8393.554677	0.000000	0.000000	15	3
000145	-47.923296	22.658182	8393.553231	8393.553231	508	8393.560410	8393.546053	0.000000	0.000000	15	6
000146	9.584659	59.195549	8393.556123	8393.556123	513	8393.554688	8393.557559	0.000000	0.000000	15	3
000147	47.923296	22.879953	8393.556144	8393.556144	516	8393.548965	8393.563322	0.000000	0.000000	15	7
000148	47.923296	10.848157	8393.556144	8393.556144	517	8393.548965	8393.563322	0.000000	0.000000	15	7
000149	-38.338637	29.042732	8393.554667	8393.554667	509	8393.560410	8393.548924	0.000000	0.000000	15	6
000150	0.000000	119.533737	8393.554688	8393.554688	512	8393.554688	8393.554688	0.000000	0.000000	15	2
000151	-28.753978	39.272579	8393.556103	8393.556103	510	8393.560410	8393.551796	0.000000	0.000000	15	5
000152	28.753978	38.929340	8393.556133	8393.556133	514	8393.551826	8393.560440	0.000000	0.000000	15	5
000153	38.338637	28.824047	8393.554708	8393.554708	515	8393.548965	8393.560451	0.000000	0.000000	15	6
000154	-9.584659	85.303795	8390.626425	8390.626425	511	8390.627861	8390.624990	0.000000	0.000000	16	3
000155	-47.923296	33.415306	8390.623544	8390.623544	508	8390.630722	8390.616365	0.000000	0.000000	16	6
000156	9.584659	85.394051	8390.626436	8390.626436	513	8390.625000	8390.627871	0.000000	0.000000	16	3
000157	47.923296	33.125412	8390.626456	8390.626456	516	8390.619278	8390.633635	0.000000	0.000000	16	7
000158	47.923296	16.422539	8390.626456	8390.626456	517	8390.619278	8390.633635	0.000000	0.000000	16	7
000159	-28.753978	56.629852	8390.626415	8390.626415	510	8390.630722	8390.622108	0.000000	0.000000	16	5
000160	38.338637	41.969761	8390.625021	8390.625021	515	8390.619278	8390.630763	0.000000	0.000000	16	6
000161	-38.338637	42.067928	8390.624979	8390.624979	509	8390.630722	8390.619237	0.000000	0.000000	16	6
000162	28.753978	56.424011	8390.626446	8390.626446	514	8390.622139	8390.630753	0.000000	0.000000	16	5
000163	-9.584659	58.655483	8387.696738	8387.696738	511	8387.698174	8387.695302	0.000000	0.000000	17	3
000164	-47.923296	22.794649	8387.693856	8387.693856	508	8387.701035	8387.686678	0.000000	0.000000	17	6
000165	9.584659	58.927666	8387.696748	8387.696748	513	8387.695312	8387.698184	0.000000	0.000000	17	3
000166	47.923296	22.839098	8387.696769	8387.696769	516	8387.689590	8387.703947	0.000000	0.000000	17	7
000167	47.923296	10.742824	8387.696769	8387.696769	517	8387.689590	8387.703947	0.000000	0.000000	17	7
000168	-38.338637	28.783062	8387.695292	8387.695292	509	8387.701035	8387.689549	0.000000	0.000000	17	6
000169	0.000000	118.203918	8387.695312	8387.695312	512	8387.695312	8387.695312	0.000000	0.000000	17	2
000170	-28.753978	38.657391	8387.696728	8387.696728	510	8387.701035	8387.692421	0.000000	0.000000	17	5
000171	28.753978	38.691536	8387.696758	8387.696758	514	8387.692451	8387.701065	0.000000	0.000000	17	5
000172	38.338637	28.951052	8387.695333	8387.695333	515	8387.689590	8387.701076	0.000000	0.000000	17	6
000173	-9.584659	58.924957	8384.767050	8384.767050	511	8384.768486	8384.765615	0.000000	0.000000	18	3
000174	-47.923296	23.035667	8384.764169	8384.764169	508	8384.771347	8384.756990	0.000000	0.000000	18	6
000175	9.584659	58.604160	8384.767061	8384.767061	513	8384.765625	8384.768496	0.000000	0.000000	18	3
000176	47.923296	22.991411	8384.767081	8384.767081	516	8384.759903	8384.774260	0.000000	0.000000	18	7
000177	47.923296	10.674971	8384.767081	8384.767081	517	8384.759903	8384.774260	0.000000	0.000000	18	7
000178	-38.338637	28.849117	8384.765604	8384.765604	509	8384.771347	8384.759862	0.000000	0.000000	18	6
000179	0.000000	118.368240	8384.765625	8384.765625	512	8384.765625	8384.765625	0.000000	0.000000	18	2
000180	-28.753978	38.966801	8384.767040	8384.767040	510	8384.771347	8384.762733	0.000000	0.000000	18	5
000181	28.753978	38.473408	8384.767071	8384.767071	514	8384.762764	8384.771378	0.000000	0.000000	18	5
000182	38.338637	28.734909	8384.765646	8384.765646	515	8384.759903	8384.771388	0.000000	0.000000	18	6
000183	-9.584659	59.907192	8381.837363	8381.837363	511	8381.838799	8381.835927	0.000000	0.000000	19	3
000184	-47.923296	23.432432	8381.834481	8381.834481	508	8381.841660	8381.827303	0.000000	0.000000	19	6
000185	9.584659	59.917847	8381.837373	8381.837373	513	8381.835938	8381.838809	0.000000	0.000000	19	3
000186	47.923296	23.021709	8381.837394	8381.837394	516	8381.830215	8381.844572	0.000000	0.000000	19	7
000187	47.923296	11.377756	8381.837394	8381.837394	517	8381.830215	8381.844572	0.000000	0.000000	19	7
000188	0.000000	119.867783	8381.835938	8381.835938	512	8381.835938	8381.835938	0.000000	0.000000	19	2
000189	-28.753978	39.410587	8381.837353	8381.837353	510	8381.841660	8381.833046	0.000000	0.000000	19	5
000190	38.338637	29.063740	8381.835958	8381.835958	515	8381.830215	8381.841701	0.000000	0.000000	19	6
000191	-38.338637	29.251034	8381.835917	8381.835917	509	8381.841660	8381.830174	0.000000	0.000000	19	6
000192	28.753978	39.537243	8381.837383	8381.837383	514	8381.833076	8381.841690	0.000000	0.000000	19	5
000193	-9.584659	61.168209	8378.907675	8378.907675	511	8378.909111	8378.906240	0.000000	0.000000	20	3
000194	-47.923296	23.439852	8378.904794	8378.904794	508	8378.911972	8378.897615	0.000000	0.000000	20	6
000195	9.584659	61.081547	8378.907686	8378.907686	513	8378.906250	8378.909121	0.000000	0.000000	20	3
000196	47.923296	23.842867	8378.907706	8378.907706	516	8378.900528	8378.914885	0.000000	0.000000	20	7
000197	47.923296	11.046124	8378.907706	8378.907706	517	8378.900528	8378.914885	0.000000	0.000000	20	7
000198	0.000000	122.958878	8378.906250	8378.906250	512	8378.906250	8378.906250	0.000000	0.000000	20	2
000199	-38.338637	29.825169	8378.906229	8378.906229	509	8378.911972	8378.900487	0.000000	0.000000	20	6
000200	-28.753978	40.124805	8378.907665	8378.907665	510	8378.911972	8378.903358	0.000000	0.000000	20	5
000201	28.753978	40.204609	8378.907696	8378.907696	514	8378.903389	8378.912003	0.000000	0.000000	20	5
000202	38.338637	29.817987	8378.906271	8378.906271	515	8378.900528	8378.912013	0.000000	0.000000	20	6
000203	-9.584659	62.395050	8375.977988	8375.977988	511	8375.979424	8375.976552	0.000000	0.000000	21	3
000204	-47.923296	24.568010	8375.975106	8375.975106	508	8375.982285	8375.967928	0.000000	0.000000	21	6
000205	9.584659	62.442787	8375.977998	8375.977998	513	8375.976562	8375.979434	0.000000	0.000000	21	3
000206	47.923296	24.185349	8375.978019	8375.978019	516	8375.970840	8375.985197	0.000000	0.000000	21	7
000207	47.923296	11.521353	8375.978019	8375.978019	517	8375.970840	8375.985197	0.000000	0.000000	21	7
000208	0.000000	126.210968	8375.976562	8375.976562	512	8375.976562	8375.976562	0.000000	0.000000	21	2
000209	-28.753978	40.960354	8375.977978	8375.977978	510	8375.982285	8375.973671	0.000000	0.000000	21	5
000210	38.338637	30.552223	8375.976583	8375.976583	515	8375.970840	8375.982326	0.000000	0.000000	21	6
000211	28.753978	40.801861	8375.978008	8375.978008	514	8375.973701	8375.982315	0.000000	0.000000	21	5
000212	-38.338637	30.589231	8375.976542	8375.976542	509	8375.982285	8375.970799	0.000000	0.000000	21	6
000213	-9.584659	64.093079	8373.048300	8373.048300	511	8373.049736	8373.046865	0.000000	0.000000	22	3
000214	-47.923296	24.800165	8373.045419	8373.045419	508	8373.052597	8373.038240	0.000000	0.000000	22	6
000215	9.584659	64.122658	8373.048311	8373.048311	513	8373.046875	8373.049746	0.000000	0.000000	22	3
000216	47.923296	25.037264	8373.048331	8373.048331	516	8373.041153	8373.055510	0.000000	0.000000	22	7
000217	47.923296	11.820156	8373.048331	8373.048331	517	8373.041153	8373.055510	0.000000	0.000000	22	7
000218	-38.338637	31.167528	8373.046854	8373.046854	509	8373.052597	8373.041112	0.000000	0.000000	22	6
000219	0.000000	128.995834	8373.046875	8373.046875	512	8373.046875	8373.046875	0.000000	0.000000	22	2
000220	-28.753978	42.114826	8373.048290	8373.048290	510	8373.052597	8373.043983	0.000000	0.000000	22	5
000221	28.753978	42.103584	8373.048321	8373.048321	514	8373.044014	8373.052628	0.000000	0.000000	22	5
000222	38.338637	31.388508	8373.046896	8373.046896	515	8373.041153	8373.052638	0.000000	0.000000	22	6
000223	-9.584659	65.249702	8370.118613	8370.118613	511	8370.120049	8370.117177	0.000000	0.000000	23	3
000224	-47.923296	25.356499	8370.115731	8370.115731	508	8370.122910	8370.108553	0.000000	0.000000	23	6
000225	9.584659	64.676079	8370.118623	8370.118623	513	8370.117188	8370.120059	0.000000	0.000000	23	3
000226	47.923296	25.533035	8370.118644	8370.118644	516	8370.111465	8370.125822	0.000000	0.000000	23	7
000227	47.923296	12.285779	8370.118644	8370.118644	517	8370.111465	8370.125822	0.000000	0.000000	23	7
000228	0.000000	130.981155	8370.117188	8370.117188	512	8370.117188	8370.117188	0.000000	0.000000	23	2
000229	-28.753978	43.056133	8370.118603	8370.118603	510	8370.122910	8370.114296	0.000000	0.000000	23	5
000230	38.338637	32.001091	8370.117208	8370.117208	515	8370.111465	8370.122951	0.000000	0.000000	23	6
000231	-38.338637	32.272041	8370.117167	8370.117167	509	8370.122910	8370.111424	0.000000	0.000000	23	6
000232	28.753978	42.568829	8370.118633	8370.118633	514	8370.114326	8370.122940	0.000000	0.000000	23	5
000233	-9.584659	65.599007	8367.188925	8367.188925	511	8367.190361	8367.187490	0.000000	0.000000	24	3
000234	-47.923296	25.976151	8367.186044	8367.186044	508	8367.193222	8367.178865	0.000000	0.000000	24	6
000235	9.584659	65.655693	8367.188936	8367.188936	513	8367.187500	8367.190371	0.000000	0.000000	24	3
000236	47.923296	25.502100	8367.188956	8367.188956	516	8367.181778	8367.196135	0.000000	0.000000	24	7
000237	47.923296	12.398052	8367.188956	8367.188956	517	8367.181778	8367.196135	0.000000	0.000000	24	7
000238	-38.338637	32.591805	8367.187479	8367.187479	509	8367.193222	8367.181737	0.000000	0.000000	24	6
000239	0.000000	132.050613	8367.187500	8367.187500	512	8367.187500	8367.187500	0.000000	0.000000	24	2
000240	-28.753978	43.469894	8367.188915	8367.188915	510	8367.193222	8367.184608	0.000000	0.000000	24	5
000241	28.753978	43.059967	8367.188946	8367.188946	514	8367.184639	8367.193253	0.000000	0.000000	24	5
000242	38.338637	32.157269	8367.187521	8367.187521	515	8367.181778	8367.193263	0.000000	0.000000	24	6
000243	-9.584659	66.316032	8364.259238	8364.259238	511	8364.260674	8364.257802	0.000000	0.000000	25	3
000244	-47.923296	26.052055	8364.256356	8364.256356	508	8364.263535	8364.249178	0.000000	0.000000	25	6
000245	9.584659	66.304001	8364.259248	8364.259248	513	8364.257812	8364.260684	0.000000	0.000000	25	3
000246	47.923296	26.145102	8364.259269	8364.259269	516	8364.252090	8364.266447	0.000000	0.000000	25	7
000247	47.923296	12.438719	8364.259269	8364.259269	517	8364.252090	8364.266447	0.000000	0.000000	25	7
000248	0.000000	133.482193	8364.257812	8364.257812	512	8364.257812	8364.257812	0.000000	0.000000	25	2
000249	-28.753978	43.537598	8364.259228	8364.259228	510	8364.263535	8364.254921	0.000000	0.000000	25	5
000250	38.338637	32.800587	8364.257833	8364.257833	515	8364.252090	8364.263576	0.000000	0.000000	25	6
000251	-38.338637	32.592663	8364.257792	8364.257792	509	8364.263535	8364.252049	0.000000	0.000000	25	6
000252	28.753978	43.798847	8364.259258	8364.259258	514	8364.254951	8364.263565	0.000000	0.000000	25	5
000253	-9.584659	67.852341	8361.329550	8361.329550	511	8361.330986	8361.328115	0.000000	0.000000	26	3
000254	-47.923296	26.352753	8361.326669	8361.326669	508	8361.333847	8361.319490	0.000000	0.000000	26	6
000255	9.584659	67.738594	8361.329561	8361.329561	513	8361.328125	8361.330996	0.000000	0.000000	26	3
000256	47.923296	26.600113	8361.329581	8361.329581	516	8361.322403	8361.336760	0.000000	0.000000	26	7
000257	47.923296	12.867061	8361.329581	8361.329581	517	8361.322403	8361.336760	0.000000	0.000000	26	7
000258	0.000000	135.874390	8361.328125	8361.328125	512	8361.328125	8361.328125	0.000000	0.000000	26	2
000259	-28.753978	44.610996	8361.329540	8361.329540	510	8361.333847	8361.325233	0.000000	0.000000	26	5
000260	38.338637	33.524700	8361.328146	8361.328146	515	8361.322403	8361.333888	0.000000	0.000000	26	6
000261	28.753978	44.634602	8361.329571	8361.329571	514	8361.325264	8361.333878	0.000000	0.000000	26	5
000262	-38.338637	33.097324	8361.328104	8361.328104	509	8361.333847	8361.322362	0.000000	0.000000	26	6
000263	-9.584659	68.499268	8358.399863	8358.399863	511	8358.401299	8358.398427	0.000000	0.000000	27	3
000264	-47.923296	26.692289	8358.396981	8358.396981	508	8358.404160	8358.389803	0.000000	0.000000	27	6
000265	9.584659	68.638901	8358.399873	8358.399873	513	8358.398438	8358.401309	0.000000	0.000000	27	3
000266	47.923296	26.954626	8358.399894	8358.399894	516	8358.392715	8358.407072	0.000000	0.000000	27	7
000267	47.923296	13.285537	8358.399894	8358.399894	517	8358.392715	8358.407072	0.000000	0.000000	27	7
000268	-38.338637	33.434731	8358.398417	8358.398417	509	8358.404160	8358.392674	0.000000	0.000000	27	6
000269	-28.753978	44.809002	8358.399853	8358.399853	510	8358.404160	8358.395546	0.000000	0.000000	27	5
000270	28.753978	45.003597	8358.399883	8358.399883	514	8358.395576	8358.404190	0.000000	0.000000	27	5
000271	38.338637	33.790215	8358.398458	8358.398458	515	8358.392715	8358.404201	0.000000	0.000000	27	6
000272	-9.584659	68.276512	8355.470175	8355.470175	511	8355.471611	8355.468740	0.000000	0.000000	28	3
000273	-47.923296	26.966299	8355.467294	8355.467294	508	8355.474472	8355.460115	0.000000	0.000000	28	6
000274	9.584659	68.263359	8355.470186	8355.470186	513	8355.468750	8355.471621	0.000000	0.000000	28	3
000275	47.923296	26.897495	8355.470206	8355.470206	516	8355.463028	8355.477385	0.000000	0.000000	28	7
000276	47.923296	13.006873	8355.470206	8355.470206	517	8355.463028	8355.477385	0.000000	0.000000	28	7
000277	38.338637	33.536957	8355.468771	8355.468771	515	8355.463028	8355.474513	0.000000	0.000000	28	6
000278	-28.753978	45.033318	8355.470165	8355.470165	510	8355.474472	8355.465858	0.000000	0.000000	28	5
000279	-38.338637	33.525494	8355.468729	8355.468729	509	8355.474472	8355.462987	0.000000	0.000000	28	6
000280	28.753978	44.926472	8355.470196	8355.470196	514	8355.465889	8355.474503	0.000000	0.000000	28	5
000281	-9.584659	66.614441	8352.540488	8352.540488	511	8352.541924	8352.539052	0.000000	0.000000	29	3
000282	-47.923296	26.315239	8352.537606	8352.537606	508	8352.544785	8352.530428	0.000000	0.000000	29	6
000283	9.584659	66.707237	8352.540498	8352.540498	513	8352.539062	8352.541934	0.000000	0.000000	29	3
000284	47.923296	26.070116	8352.540519	8352.540519	516	8352.533340	8352.547697	0.000000	0.000000	29	7
000285	47.923296	12.157464	8352.540519	8352.540519	517	8352.533340	8352.547697	0.000000	0.000000	29	7
000286	0.000000	134.205734	8352.539062	8352.539062	512	8352.539062	8352.539062	0.000000	0.000000	29	2
000287	-28.753978	44.081673	8352.540478	8352.540478	510	8352.544785	8352.536171	0.000000	0.000000	29	5
000288	-38.338637	33.025276	8352.539042	8352.539042	509	8352.544785	8352.533299	0.000000	0.000000	29	6
000289	28.753978	43.949081	8352.540508	8352.540508	514	8352.536201	8352.544815	0.000000	0.000000	29	5
000290	38.338637	32.772587	8352.539083	8352.539083	515	8352.533340	8352.544826	0.000000	0.000000	29	6
000291	-9.584659	65.425308	8349.610800	8349.610800	511	8349.612236	8349.609365	0.000000	0.000000	30	3
000292	-47.923296	25.321695	8349.607919	8349.607919	508	8349.615097	8349.600740	0.000000	0.000000	30	6
000293	9.584659	65.424400	8349.610811	8349.610811	513	8349.609375	8349.612246	0.000000	0.000000	30	3
000294	47.923296	25.482613	8349.610831	8349.610831	516	8349.603653	8349.618010	0.000000	0.000000	30	7
000295	47.923296	12.174733	8349.610831	8349.610831	517	8349.603653	8349.618010	0.000000	0.000000	30	7
000296	0.000000	132.037872	8349.609375	8349.609375	512	8349.609375	8349.609375	0.000000	0.000000	30	2
000297	-28.753978	43.087112	8349.610790	8349.610790	510	8349.615097	8349.606483	0.000000	0.000000	30	5
000298	38.338637	32.206364	8349.609396	8349.609396	515	8349.603653	8349.615138	0.000000	0.000000	30	6
000299	-38.338637	32.233658	8349.609354	8349.609354	509	8349.615097	8349.603612	0.000000	0.000000	30	6
000300	28.753978	43.236755	8349.610821	8349.610821	514	8349.606514	8349.615128	0.000000	0.000000	30	5
000301	-9.584659	65.198448	8346.681113	8346.681113	511	8346.682549	8346.679677	0.000000	0.000000	31	3
000302	-47.923296	25.036139	8346.678231	8346.678231	508	8346.685410	8346.671053	0.000000	0.000000	31	6
000303	9.584659	65.017342	8346.681123	8346.681123	513	8346.679688	8346.682559	0.000000	0.000000	31	3
000304	47.923296	24.784090	8346.681144	8346.681144	516	8346.673965	8346.688322	0.000000	0.000000	31	7
000305	47.923296	12.277774	8346.681144	8346.681144	517	8346.673965	8346.688322	0.000000	0.000000	31	7
000306	-38.338637	31.916859	8346.679667	8346.679667	509	8346.685410	8346.673924	0.000000	0.000000	31	6
000307	-28.753978	42.772957	8346.681103	8346.681103	510	8346.685410	8346.676796	0.000000	0.000000	31	5
000308	28.753978	42.680084	8346.681133	8346.681133	514	8346.676826	8346.685440	0.000000	0.000000	31	5
000309	0.000000	130.650955	8346.679688	8346.679688	512	8346.679688	8346.679688	0.000000	0.000000	31	2
000310	38.338637	31.583553	8346.679708	8346.679708	515	8346.673965	8346.685451	0.000000	0.000000	31	6
000311	-9.584659	140.229584	8343.751425	8343.751425	511	8343.752861	8343.749990	0.000000	0.000000	32	3
000312	-47.923296	55.331329	8343.748544	8343.748544	508	8343.755722	8343.741365	0.000000	0.000000	32	6
000313	9.584659	140.264328	8343.751436	8343.751436	513	8343.750000	8343.752871	0.000000	0.000000	32	3
000314	47.923296	55.807995	8343.751456	8343.751456	516	8343.744278	8343.758635	0.000000	0.000000	32	7
000315	47.923296	27.011436	8343.751456	8343.751456	517	8343.744278	8343.758635	0.000000	0.000000	32	7
000316	-28.753978	92.786659	8343.751415	8343.751415	510	8343.755722	8343.747108	0.000000	0.000000	32	5
000317	38.338637	69.857132	8343.750021	8343.750021	515	8343.744278	8343.755763	0.000000	0.000000	32	6
000318	-38.338637	69.273987	8343.749979	8343.749979	509	8343.755722	8343.744237	0.000000	0.000000	32	6
000319	28.753978	92.821472	8343.751446	8343.751446	514	8343.747139	8343.755753	0.000000	0.000000	32	5
000320	-9.584659	64.184601	8340.821738	8340.821738	511	8340.823174	8340.820302	0.000000	0.000000	33	3
000321	-47.923296	25.152197	8340.818856	8340.818856	508	8340.826035	8340.811678	0.000000	0.000000	33	6
000322	9.584659	64.223244	8340.821748	8340.821748	513	8340.820312	8340.823184	0.000000	0.000000	33	3
000323	47.923296	25.134987	8340.821769	8340.821769	516	8340.814590	8340.828947	0.000000	0.000000	33	7
000324	47.923296	12.218808	8340.821769	8340.821769	517	8340.814590	8340.828947	0.000000	0.000000	33	7
000325	-38.338637	31.639793	8340.820292	8340.820292	509	8340.826035	8340.814549	0.000000	0.000000	33	6
000326	0.000000	129.068649	8340.820312	8340.820312	512	8340.820312	8340.820312	0.000000	0.000000	33	2
000327	28.753978	42.145489	8340.821758	8340.821758	514	8340.817451	8340.826065	0.000000	0.000000	33	5
000328	-28.753978	42.389153	8340.821728	8340.821728	510	8340.826035	8340.817421	0.000000	0.000000	33	5
000329	38.338637	31.423073	8340.820333	8340.820333	515	8340.814590	8340.826076	0.000000	0.000000	33	6
000330	-9.584659	63.456940	8337.892050	8337.892050	511	8337.893486	8337.890615	0.000000	0.000000	34	3
000331	-47.923296	24.553162	8337.889169	8337.889169	508	8337.896347	8337.881990	0.000000	0.000000	34	6
000332	9.584659	63.216553	8337.892061	8337.892061	513	8337.890625	8337.893496	0.000000	0.000000	34	3
000333	47.923296	24.346663	8337.892081	8337.892081	516	8337.884903	8337.899260	0.000000	0.000000	34	7
000334	47.923296	11.624163	8337.892081	8337.892081	517	8337.884903	8337.899260	0.000000	0.000000	34	7
000335	0.000000	127.283882	8337.890625	8337.890625	512	8337.890625	8337.890625	0.000000	0.000000	34	2
000336	-28.753978	41.735409	8337.892040	8337.892040	510	8337.896347	8337.887733	0.000000	0.000000	34	5
000337	38.338637	31.066053	8337.890646	8337.890646	515	8337.884903	8337.896388	0.000000	0.000000	34	6
000338	28.753978	41.634377	8337.892071	8337.892071	514	8337.887764	8337.896378	0.000000	0.000000	34	5
000339	-38.338637	30.994301	8337.890604	8337.890604	509	8337.896347	8337.884862	0.000000	0.000000	34	6
000340	-9.584659	62.956051	8334.962363	8334.962363	511	8334.963799	8334.960927	0.000000	0.000000	35	3
000341	-47.923296	24.283606	8334.959481	8334.959481	508	8334.966660	8334.952303	0.000000	0.000000	35	6
000342	9.584659	62.944427	8334.962373	8334.962373	513	8334.960938	8334.963809	0.000000	0.000000	35	3
000343	47.923296	24.409668	8334.962394	8334.962394	516	8334.955215	8334.969572	0.000000	0.000000	35	7
000344	47.923296	11.816966	8334.962394	8334.962394	517	8334.955215	8334.969572	0.000000	0.000000	35	7
000345	-38.338637	30.494316	8334.960917	8334.960917	509	8334.966660	8334.955174	0.000000	0.000000	35	6
000346	0.000000	126.460831	8334.960938	8334.960938	512	8334.960938	8334.960938	0.000000	0.000000	35	2
000347	-28.753978	41.275986	8334.962353	8334.962353	510	8334.966660	8334.958046	0.000000	0.000000	35	5
000348	28.753978	41.334755	8334.962383	8334.962383	514	8334.958076	8334.966690	0.000000	0.000000	35	5
000349	38.338637	30.998896	8334.960958	8334.960958	515	8334.955215	8334.966701	0.000000	0.000000	35	6
000350	-9.584659	62.330822	8332.032675	8332.032675	511	8332.034111	8332.031240	0.000000	0.000000	36	3
000351	-47.923296	24.412453	8332.029794	8332.029794	508	8332.036972	8332.022615	0.000000	0.000000	36	6
000352	9.584659	62.294559	8332.032686	8332.032686	513	8332.031250	8332.034121	0.000000	0.000000	36	3
000353	47.923296	24.134861	8332.032706	8332.032706	516	8332.025528	8332.039885	0.000000	0.000000	36	7
000354	47.923296	11.468502	8332.032706	8332.032706	517	8332.025528	8332.039885	0.000000	0.000000	36	7
000355	0.000000	124.959167	8332.031250	8332.031250	512	8332.031250	8332.031250	0.000000	0.000000	36	2
000356	-28.753978	40.955170	8332.032665	8332.032665	510	8332.036972	8332.028358	0.000000	0.000000	36	5
000357	38.338637	30.628357	8332.031271	8332.031271	515	8332.025528	8332.037013	0.000000	0.000000	36	6
000358	-38.338637	30.557800	8332.031229	8332.031229	509	8332.036972	8332.025487	0.000000	0.000000	36	6
000359	28.753978	41.028095	8332.032696	8332.032696	514	8332.028389	8332.037003	0.000000	0.000000	36	5
000360	-9.584659	62.136875	8329.102988	8329.102988	511	8329.104424	8329.101552	0.000000	0.000000	37	3
000361	-47.923296	24.269449	8329.100106	8329.100106	508	8329.107285	8329.092928	0.000000	0.000000	37	6
000362	9.584659	62.442081	8329.102998	8329.102998	513	8329.101562	8329.104434	0.000000	0.000000	37	3
000363	47.923296	24.386021	8329.103019	8329.103019	516	8329.095840	8329.110197	0.000000	0.000000	37	7
000364	47.923296	11.663754	8329.103019	8329.103019	517	8329.095840	8329.110197	0.000000	0.000000	37	7
000365	-38.338637	30.507103	8329.101542	8329.101542	509	8329.107285	8329.095799	0.000000	0.000000	37	6
000366	0.000000	125.172119	8329.101562	8329.101562	512	8329.101562	8329.101562	0.000000	0.000000	37	2
000367	-28.753978	40.800571	8329.102978	8329.102978	510	8329.107285	8329.098671	0.000000	0.000000	37	5
000368	28.753978	41.351879	8329.103008	8329.103008	514	8329.098701	8329.107315	0.000000	0.000000	37	5
000369	38.338637	30.565680	8329.101583	8329.101583	515	8329.095840	8329.107326	0.000000	0.000000	37	6
000370	-9.584659	62.239079	8326.173300	8326.173300	511	8326.174736	8326.171865	0.000000	0.000000	38	3
000371	-47.923296	23.977116	8326.170419	8326.170419	508	8326.177597	8326.163240	0.000000	0.000000	38	6
000372	9.584659	62.339359	8326.173311	8326.173311	513	8326.171875	8326.174746	0.000000	0.000000	38	3
000373	47.923296	24.569689	8326.173331	8326.173331	516	8326.166153	8326.180510	0.000000	0.000000	38	7
000374	47.923296	11.735625	8326.173331	8326.173331	517	8326.166153	8326.180510	0.000000	0.000000	38	7
000375	0.000000	125.473984	8326.171875	8326.171875	512	8326.171875	8326.171875	0.000000	0.000000	38	2
000376	-28.753978	40.992641	8326.173290	8326.173290	510	8326.177597	8326.168983	0.000000	0.000000	38	5
000377	38.338637	30.686440	8326.171896	8326.171896	515	8326.166153	8326.177638	0.000000	0.000000	38	6
000378	-38.338637	30.649103	8326.171854	8326.171854	509	8326.177597	8326.166112	0.000000	0.000000	38	6
000379	28.753978	41.222832	8326.173321	8326.173321	514	8326.169014	8326.177628	0.000000	0.000000	38	5
000380	-9.584659	63.339020	8323.243613	8323.243613	511	8323.245049	8323.242177	0.000000	0.000000	39	3
000381	-47.923296	24.472851	8323.240731	8323.240731	508	8323.247910	8323.233553	0.000000	0.000000	39	6
000382	9.584659	63.257774	8323.243623	8323.243623	513	8323.242188	8323.245059	0.000000	0.000000	39	3
000383	47.923296	24.376842	8323.243644	8323.243644	516	8323.236465	8323.250822	0.000000	0.000000	39	7
000384	47.923296	11.658696	8323.243644	8323.243644	517	8323.236465	8323.250822	0.000000	0.000000	39	7
000385	-38.338637	30.714622	8323.242167	8323.242167	509	8323.247910	8323.236424	0.000000	0.000000	39	6
000386	0.000000	127.307037	8323.242188	8323.242188	512	8323.242188	8323.242188	0.000000	0.000000	39	2
000387	-28.753978	41.495277	8323.243603	8323.243603	510	8323.247910	8323.239296	0.000000	0.000000	39	5
000388	28.753978	41.692158	8323.243633	8323.243633	514	8323.239326	8323.247940	0.000000	0.000000	39	5
000389	38.338637	30.767693	8323.242208	8323.242208	515	8323.236465	8323.247951	0.000000	0.000000	39	6
000390	-9.584659	63.247200	8320.313925	8320.313925	511	8320.315361	8320.312490	0.000000	0.000000	40	3
000391	-47.923296	25.154495	8320.311044	8320.311044	508	8320.318222	8320.303865	0.000000	0.000000	40	6
000392	9.584659	63.445553	8320.313936	8320.313936	513	8320.312500	8320.315371	0.000000	0.000000	40	3
000393	47.923296	24.983797	8320.313956	8320.313956	516	8320.306778	8320.321135	0.000000	0.000000	40	7
000394	47.923296	11.523726	8320.313956	8320.313956	517	8320.306778	8320.321135	0.000000	0.000000	40	7
000395	0.000000	127.833817	8320.312500	8320.312500	512	8320.312500	8320.312500	0.000000	0.000000	40	2
000396	-28.753978	41.725155	8320.313915	8320.313915	510	8320.318222	8320.309608	0.000000	0.000000	40	5
000397	38.338637	31.306061	8320.312521	8320.312521	515	8320.306778	8320.318263	0.000000	0.000000	40	6
000398	-38.338637	31.381279	8320.312479	8320.312479	509	8320.318222	8320.306737	0.000000	0.000000	40	6
000399	28.753978	41.806179	8320.313946	8320.313946	514	8320.309639	8320.318253	0.000000	0.000000	40	5
000400	-9.584659	63.948345	8317.384238	8317.384238	511	8317.385674	8317.382802	0.000000	0.000000	41	3
000401	-47.923296	24.892204	8317.381356	8317.381356	508	8317.388535	8317.374178	0.000000	0.000000	41	6
000402	9.584659	64.173134	8317.384248	8317.384248	513	8317.382812	8317.385684	0.000000	0.000000	41	3
000403	47.923296	24.831032	8317.384269	8317.384269	516	8317.377090	8317.391447	0.000000	0.000000	41	7
000404	47.923296	12.121900	8317.384269	8317.384269	517	8317.377090	8317.391447	0.000000	0.000000	41	7
000405	-38.338637	31.603561	8317.382792	8317.382792	509	8317.388535	8317.377049	0.000000	0.000000	41	6
000406	0.000000	128.477783	8317.382812	8317.382812	512	8317.382812	8317.382812	0.000000	0.000000	41	2
000407	28.753978	42.468811	8317.384258	8317.384258	514	8317.379951	8317.388565	0.000000	0.000000	41	5
000408	-28.753978	42.374508	8317.384228	8317.384228	510	8317.388535	8317.379921	0.000000	0.000000	41	5
000409	38.338637	31.798717	8317.382833	8317.382833	515	8317.377090	8317.388576	0.000000	0.000000	41	6
000410	-9.584659	64.208809	8314.454550	8314.454550	511	8314.455986	8314.453115	0.000000	0.000000	42	3
000411	-47.923296	24.748655	8314.451669	8314.451669	508	8314.458847	8314.444490	0.000000	0.000000	42	6
000412	9.584659	64.288696	8314.454561	8314.454561	513	8314.453125	8314.455996	0.000000	0.000000	42	3
000413	47.923296	24.709064	8314.454581	8314.454581	516	8314.447403	8314.461760	0.000000	0.000000	42	7
000414	47.923296	11.803745	8314.454581	8314.454581	517	8314.447403	8314.461760	0.000000	0.000000	42	7
000415	0.000000	129.557587	8314.453125	8314.453125	512	8314.453125	8314.453125	0.000000	0.000000	42	2
000416	-38.338637	31.700563	8314.453104	8314.453104	509	8314.458847	8314.447362	0.000000	0.000000	42	6
000417	-28.753978	42.476753	8314.454540	8314.454540	510	8314.458847	8314.450233	0.000000	0.000000	42	5
000418	28.753978	42.623810	8314.454571	8314.454571	514	8314.450264	8314.458878	0.000000	0.000000	42	5
000419	38.338637	31.557165	8314.453146	8314.453146	515	8314.447403	8314.458888	0.000000	0.000000	42	6
000420	-9.584659	65.547676	8311.524863	8311.524863	511	8311.526299	8311.523427	0.000000	0.000000	43	3
000421	-47.923296	25.571054	8311.521981	8311.521981	508	8311.529160	8311.514803	0.000000	0.000000	43	6
000422	9.584659	65.370407	8311.524873	8311.524873	513	8311.523438	8311.526309	0.000000	0.000000	43	3
000423	47.923296	25.629204	8311.524894	8311.524894	516	8311.517715	8311.532072	0.000000	0.000000	43	7
000424	47.923296	12.279166	8311.524894	8311.524894	517	8311.517715	8311.532072	0.000000	0.000000	43	7
000425	0.000000	131.431900	8311.523438	8311.523438	512	8311.523438	8311.523438	0.000000	0.000000	43	2
000426	-28.753978	43.505466	8311.524853	8311.524853	510	8311.529160	8311.520546	0.000000	0.000000	43	5
000427	38.338637	32.033497	8311.523458	8311.523458	515	8311.517715	8311.529201	0.000000	0.000000	43	6
000428	-38.338637	32.197460	8311.523417	8311.523417	509	8311.529160	8311.517674	0.000000	0.000000	43	6
000429	28.753978	43.360004	8311.524883	8311.524883	514	8311.520576	8311.529190	0.000000	0.000000	43	5
000430	-9.584659	66.797836	8308.595175	8308.595175	511	8308.596611	8308.593740	0.000000	0.000000	44	3
000431	-47.923296	25.912132	8308.592294	8308.592294	508	8308.599472	8308.585115	0.000000	0.000000	44	6
000432	9.584659	66.843422	8308.595186	8308.595186	513	8308.593750	8308.596621	0.000000	0.000000	44	3
000433	47.923296	26.086441	8308.595206	8308.595206	516	8308.588028	8308.602385	0.000000	0.000000	44	7
000434	47.923296	12.526440	8308.595206	8308.595206	517	8308.588028	8308.602385	0.000000	0.000000	44	7
000435	-38.338637	32.882870	8308.593729	8308.593729	509	8308.599472	8308.587987	0.000000	0.000000	44	6
000436	0.000000	134.280701	8308.593750	8308.593750	512	8308.593750	8308.593750	0.000000	0.000000	44	2
000437	28.753978	44.038448	8308.595196	8308.595196	514	8308.590889	8308.599503	0.000000	0.000000	44	5
000438	-28.753978	43.965809	8308.595165	8308.595165	510	8308.599472	8308.590858	0.000000	0.000000	44	5
000439	38.338637	33.041573	8308.593771	8308.593771	515	8308.588028	8308.599513	0.000000	0.000000	44	6
000440	-9.584659	69.381508	8305.665488	8305.665488	511	8305.666924	8305.664052	0.000000	0.000000	45	3
000441	-47.923296	26.822695	8305.662606	8305.662606	508	8305.669785	8305.655428	0.000000	0.000000	45	6
000442	9.584659	69.344933	8305.665498	8305.665498	513	8305.664062	8305.666934	0.000000	0.000000	45	3
000443	47.923296	26.780575	8305.665519	8305.665519	516	8305.658340	8305.672697	0.000000	0.000000	45	7
000444	47.923296	12.973154	8305.665519	8305.665519	517	8305.658340	8305.672697	0.000000	0.000000	45	7
000445	-28.753978	45.791801	8305.665478	8305.665478	510	8305.669785	8305.661171	0.000000	0.000000	45	5
000446	38.338637	33.768837	8305.664083	8305.664083	515	8305.658340	8305.669826	0.000000	0.000000	45	6
000447	28.753978	45.781944	8305.665508	8305.665508	514	8305.661201	8305.669815	0.000000	0.000000	45	5
000448	-38.338637	33.848576	8305.664042	8305.664042	509	8305.669785	8305.658299	0.000000	0.000000	45	6
000449	-9.584659	69.898010	8302.735800	8302.735800	511	8302.737236	8302.734365	0.000000	0.000000	46	3
000450	-47.923296	27.331322	8302.732919	8302.732919	508	8302.740097	8302.725740	0.000000	0.000000	46	6
000451	9.584659	69.430351	8302.735811	8302.735811	513	8302.734375	8302.737246	0.000000	0.000000	46	3
000452	47.923296	26.977900	8302.735831	8302.735831	516	8302.728653	8302.743010	0.000000	0.000000	46	7
000453	47.923296	13.412971	8302.735831	8302.735831	517	8302.728653	8302.743010	0.000000	0.000000	46	7
000454	-38.338637	34.423096	8302.734354	8302.734354	509	8302.740097	8302.728612	0.000000	0.000000	46	6
000455	28.753978	45.761688	8302.735821	8302.735821	514	8302.731514	8302.740128	0.000000	0.000000	46	5
000456	-28.753978	45.965324	8302.735790	8302.735790	510	8302.740097	8302.731483	0.000000	0.000000	46	5
000457	38.338637	34.002903	8302.734396	8302.734396	515	8302.728653	8302.740138	0.000000	0.000000	46	6
000458	-9.584659	70.330498	8299.806113	8299.806113	511	8299.807549	8299.804677	0.000000	0.000000	47	3
000459	-47.923296	27.103127	8299.803231	8299.803231	508	8299.810410	8299.796053	0.000000	0.000000	47	6
000460	9.584659	70.330971	8299.806123	8299.806123	513	8299.804688	8299.807559	0.000000	0.000000	47	3
000461	47.923296	27.420715	8299.806144	8299.806144	516	8299.798965	8299.813322	0.000000	0.000000	47	7
000462	47.923296	13.231099	8299.806144	8299.806144	517	8299.798965	8299.813322	0.000000	0.000000	47	7
000463	-28.753978	46.065590	8299.806103	8299.806103	510	8299.810410	8299.801796	0.000000	0.000000	47	5
000464	38.338637	34.543003	8299.804708	8299.804708	515	8299.798965	8299.810451	0.000000	0.000000	47	6
000465	-38.338637	33.982758	8299.804667	8299.804667	509	8299.810410	8299.798924	0.000000	0.000000	47	6
000466	28.753978	46.308716	8299.806133	8299.806133	514	8299.801826	8299.810440	0.000000	0.000000	47	5
000467	-9.584659	82.211823	8296.876425	8296.876425	511	8296.877861	8296.874990	0.000000	0.000000	48	3
000468	-47.923296	32.051418	8296.873544	8296.873544	508	8296.880722	8296.866365	0.000000	0.000000	48	6
000469	9.584659	82.164017	8296.876436	8296.876436	513	8296.875000	8296.877871	0.000000	0.000000	48	3
000470	47.923296	32.269054	8296.876456	8296.876456	516	8296.869278	8296.883635	0.000000	0.000000	48	7
000471	47.923296	15.731572	8296.876456	8296.876456	517	8296.869278	8296.883635	0.000000	0.000000	48	7
000472	-38.338637	40.315662	8296.874979	8296.874979	509	8296.880722	8296.869237	0.000000	0.000000	48	6
000473	-28.753978	53.884815	8296.876415	8296.876415	510	8296.880722	8296.872108	0.000000	0.000000	48	5
000474	28.753978	53.926022	8296.876446	8296.876446	514	8296.872139	8296.880753	0.000000	0.000000	48	5
000475	38.338637	40.419453	8296.875021	8296.875021	515	8296.869278	8296.880763	0.000000	0.000000	48	6
000476	-9.584659	71.738060	8293.946738	8293.946738	511	8293.948174	8293.945302	0.000000	0.000000	49	3
000477	-47.923296	28.345749	8293.943856	8293.943856	508	8293.951035	8293.936678	0.000000	0.000000	49	6
000478	9.584659	71.548172	8293.946748	8293.946748	513	8293.945312	8293.948184	0.000000	0.000000	49	3
000479	47.923296	28.233208	8293.946769	8293.946769	516	8293.939590	8293.953947	0.000000	0.000000	49	7
000480	47.923296	13.699481	8293.946769	8293.946769	517	8293.939590	8293.953947	0.000000	0.000000	49	7
000481	-28.753978	47.375626	8293.946728	8293.946728	510	8293.951035	8293.942421	0.000000	0.000000	49	5
000482	38.338637	35.484203	8293.945333	8293.945333	515	8293.939590	8293.951076	0.000000	0.000000	49	6
000483	-38.338637	35.529652	8293.945292	8293.945292	509	8293.951035	8293.939549	0.000000	0.000000	49	6
000484	28.753978	47.296871	8293.946758	8293.946758	514	8293.942451	8293.951065	0.000000	0.000000	49	5
000485	-9.584659	73.500999	8291.017050	8291.017050	511	8291.018486	8291.015615	0.000000	0.000000	50	3
000486	-47.923296	28.282629	8291.014169	8291.014169	508	8291.021347	8291.006990	0.000000	0.000000	50	6
000487	9.584659	73.703796	8291.017061	8291.017061	513	8291.015625	8291.018496	0.000000	0.000000	50	3
000488	47.923296	28.826775	8291.017081	8291.017081	516	8291.009903	8291.024260	0.000000	0.000000	50	7
000489	47.923296	13.544999	8291.017081	8291.017081	517	8291.009903	8291.024260	0.000000	0.000000	50	7
000490	-28.753978	48.236305	8291.017040	8291.017040	510	8291.021347	8291.012733	0.000000	0.000000	50	5
000491	38.338637	36.107140	8291.015646	8291.015646	515	8291.009903	8291.021388	0.000000	0.000000	50	6
000492	28.753978	48.745365	8291.017071	8291.017071	514	8291.012764	8291.021378	0.000000	0.000000	50	5
000493	-38.338637	35.724621	8291.015604	8291.015604	509	8291.021347	8291.009862	0.000000	0.000000	50	6
000494	-9.584659	74.536446	8288.087363	8288.087363	511	8288.088799	8288.085927	0.000000	0.000000	51	3
000495	-47.923296	29.378561	8288.084481	8288.084481	508	8288.091660	8288.077303	0.000000	0.000000	51	6
000496	9.584659	74.331886	8288.087373	8288.087373	513	8288.085938	8288.088809	0.000000	0.000000	51	3
000497	47.923296	28.885906	8288.087394	8288.087394	516	8288.080215	8288.094572	0.000000	0.000000	51	7
000498	47.923296	14.123305	8288.087394	8288.087394	517	8288.080215	8288.094572	0.000000	0.000000	51	7
000499	-38.338637	36.710060	8288.085917	8288.085917	509	8288.091660	8288.080174	0.000000	0.000000	51	6
000500	-28.753978	49.155407	8288.087353	8288.087353	510	8288.091660	8288.083046	0.000000	0.000000	51	5
000501	28.753978	48.997780	8288.087383	8288.087383	514	8288.083076	8288.091690	0.000000	0.000000	51	5
000502	38.338637	36.801559	8288.085958	8288.085958	515	8288.080215	8288.091701	0.000000	0.000000	51	6
000503	-9.584659	75.899185	8285.157675	8285.157675	511	8285.159111	8285.156240	0.000000	0.000000	52	3
000504	-47.923296	29.177551	8285.154794	8285.154794	508	8285.161972	8285.147615	0.000000	0.000000	52	6
000505	9.584659	75.801575	8285.157686	8285.157686	513	8285.156250	8285.159121	0.000000	0.000000	52	3
000506	47.923296	29.291336	8285.157706	8285.157706	516	8285.150528	8285.164885	0.000000	0.000000	52	7
000507	47.923296	14.425537	8285.157706	8285.157706	517	8285.150528	8285.164885	0.000000	0.000000	52	7
000508	-28.753978	49.935482	8285.157665	8285.157665	510	8285.161972	8285.153358	0.000000	0.000000	52	5
000509	38.338637	37.216034	8285.156271	8285.156271	515	8285.150528	8285.162013	0.000000	0.000000	52	6
000510	-38.338637	37.089054	8285.156229	8285.156229	509	8285.161972	8285.150487	0.000000	0.000000	52	6
000511	28.753978	50.185352	8285.157696	8285.157696	514	8285.153389	8285.162003	0.000000	0.000000	52	5
000512	-9.584659	75.195076	8282.227988	8282.227988	511	8282.229424	8282.226552	0.000000	0.000000	53	3
000513	-47.923296	29.285191	8282.225106	8282.225106	508	8282.232285	8282.217928	0.000000	0.000000	53	6
000514	9.584659	75.429047	8282.227998	8282.227998	513	8282.226562	8282.229434	0.000000	0.000000	53	3
000515	47.923296	29.125891	8282.228019	8282.228019	516	8282.220840	8282.235197	0.000000	0.000000	53	7
000516	47.923296	14.051093	8282.228019	8282.228019	517	8282.220840	8282.235197	0.000000	0.000000	53	7
000517	-38.338637	37.022976	8282.226542	8282.226542	509	8282.232285	8282.220799	0.000000	0.000000	53	6
000518	-28.753978	49.690029	8282.227978	8282.227978	510	8282.232285	8282.223671	0.000000	0.000000	53	5
000519	28.753978	49.645618	8282.228008	8282.228008	514	8282.223701	8282.232315	0.000000	0.000000	53	5
000520	38.338637	37.193279	8282.226583	8282.226583	515	8282.220840	8282.232326	0.000000	0.000000	53	6
000521	-9.584659	74.962990	8279.298300	8279.298300	511	8279.299736	8279.296865	0.000000	0.000000	54	3
000522	-47.923296	29.126530	8279.295419	8279.295419	508	8279.302597	8279.288240	0.000000	0.000000	54	6
000523	9.584659	74.784729	8279.298311	8279.298311	513	8279.296875	8279.299746	0.000000	0.000000	54	3
000524	47.923296	29.237801	8279.298331	8279.298331	516	8279.291153	8279.305510	0.000000	0.000000	54	7
000525	47.923296	14.018742	8279.298331	8279.298331	517	8279.291153	8279.305510	0.000000	0.000000	54	7
000526	-28.753978	49.628487	8279.298290	8279.298290	510	8279.302597	8279.293983	0.000000	0.000000	54	5
000527	38.338637	36.655014	8279.296896	8279.296896	515	8279.291153	8279.302638	0.000000	0.000000	54	6
000528	-38.338637	37.401287	8279.296854	8279.296854	509	8279.302597	8279.291112	0.000000	0.000000	54	6
000529	28.753978	49.264336	8279.298321	8279.298321	514	8279.294014	8279.302628	0.000000	0.000000	54	5
000530	-9.584659	74.424034	8276.368613	8276.368613	511	8276.370049	8276.367177	0.000000	0.000000	55	3
000531	-47.923296	29.099628	8276.365731	8276.365731	508	8276.372910	8276.358553	0.000000	0.000000	55	6
000532	9.584659	74.514183	8276.368623	8276.368623	513	8276.367188	8276.370059	0.000000	0.000000	55	3
000533	47.923296	29.007523	8276.368644	8276.368644	516	8276.361465	8276.375822	0.000000	0.000000	55	7
000534	47.923296	13.977616	8276.368644	8276.368644	517	8276.361465	8276.375822	0.000000	0.000000	55	7
000535	-38.338637	36.726196	8276.367167	8276.367167	509	8276.372910	8276.361424	0.000000	0.000000	55	6
000536	-28.753978	48.921852	8276.368603	8276.368603	510	8276.372910	8276.364296	0.000000	0.000000	55	5
000537	28.753978	49.059952	8276.368633	8276.368633	514	8276.364326	8276.372940	0.000000	0.000000	55	5
000538	38.338637	36.757217	8276.367208	8276.367208	515	8276.361465	8276.372951	0.000000	0.000000	55	6
000539	-9.584659	74.471451	8273.438925	8273.438925	511	8273.440361	8273.437490	0.000000	0.000000	56	3
000540	-47.923296	29.094114	8273.436044	8273.436044	508	8273.443222	8273.428865	0.000000	0.000000	56	6
000541	9.584659	74.824745	8273.438936	8273.438936	513	8273.437500	8273.440371	0.000000	0.000000	56	3
000542	47.923296	29.039936	8273.438956	8273.438956	516	8273.431778	8273.446135	0.000000	0.000000	56	7
000543	47.923296	14.293869	8273.438956	8273.438956	517	8273.431778	8273.446135	0.000000	0.000000	56	7
000544	-28.753978	49.156193	8273.438915	8273.438915	510	8273.443222	8273.434608	0.000000	0.000000	56	5
000545	38.338637	36.757961	8273.437521	8273.437521	515	8273.431778	8273.443263	0.000000	0.000000	56	6
000546	-38.338637	36.710571	8273.437479	8273.437479	509	8273.443222	8273.431737	0.000000	0.000000	56	6
000547	28.753978	49.554543	8273.438946	8273.438946	514	8273.434639	8273.443253	0.000000	0.000000	56	5
000548	-9.584659	75.260490	8270.509238	8270.509238	511	8270.510674	8270.507802	0.000000	0.000000	57	3
000549	-47.923296	29.588541	8270.506356	8270.506356	508	8270.513535	8270.499178	0.000000	0.000000	57	6
000550	9.584659	75.210503	8270.509248	8270.509248	513	8270.507812	8270.510684	0.000000	0.000000	57	3
000551	47.923296	29.463446	8270.509269	8270.509269	516	8270.502090	8270.516447	0.000000	0.000000	57	7
000552	47.923296	13.833775	8270.509269	8270.509269	517	8270.502090	8270.516447	0.000000	0.000000	57	7
000553	-38.338637	37.306118	8270.507792	8270.507792	509	8270.513535	8270.502049	0.000000	0.000000	57	6
000554	28.753978	49.543930	8270.509258	8270.509258	514	8270.504951	8270.513565	0.000000	0.000000	57	5
000555	-28.753978	49.672092	8270.509228	8270.509228	510	8270.513535	8270.504921	0.000000	0.000000	57	5
000556	38.338637	36.909920	8270.507833	8270.507833	515	8270.502090	8270.513576	0.000000	0.000000	57	6
000557	-9.584659	75.320572	8267.579550	8267.579550	511	8267.580986	8267.578115	0.000000	0.000000	58	3
000558	-47.923296	29.397961	8267.576669	8267.576669	508	8267.583847	8267.569490	0.000000	0.000000	58	6
000559	9.584659	75.098938	8267.579561	8267.579561	513	8267.578125	8267.580996	0.000000	0.000000	58	3
000560	47.923296	29.073050	8267.579581	8267.579581	516	8267.572403	8267.586760	0.000000	0.000000	58	7
000561	47.923296	14.200780	8267.579581	8267.579581	517	8267.572403	8267.586760	0.000000	0.000000	58	7
000562	-38.338637	36.887074	8267.578104	8267.578104	509	8267.583847	8267.572362	0.000000	0.000000	58	6
000563	-28.753978	49.553841	8267.579540	8267.579540	510	8267.583847	8267.575233	0.000000	0.000000	58	5
000564	28.753978	49.539257	8267.579571	8267.579571	514	8267.575264	8267.583878	0.000000	0.000000	58	5
000565	38.338637	36.936226	8267.578146	8267.578146	515	8267.572403	8267.583888	0.000000	0.000000	58	6
000566	-9.584659	74.798279	8264.649863	8264.649863	511	8264.651299	8264.648427	0.000000	0.000000	59	3
000567	-47.923296	29.473255	8264.646981	8264.646981	508	8264.654160	8264.639803	0.000000	0.000000	59	6
000568	9.584659	74.909996	8264.649873	8264.649873	513	8264.648438	8264.651309	0.000000	0.000000	59	3
000569	47.923296	29.374601	8264.649894	8264.649894	516	8264.642715	8264.657072	0.000000	0.000000	59	7
000570	47.923296	14.245850	8264.649894	8264.649894	517	8264.642715	8264.657072	0.000000	0.000000	59	7
000571	-28.753978	49.333263	8264.649853	8264.649853	510	8264.654160	8264.645546	0.000000	0.000000	59	5
000572	38.338637	36.871353	8264.648458	8264.648458	515	8264.642715	8264.654201	0.000000	0.000000	59	6
000573	-38.338637	37.065548	8264.648417	8264.648417	509	8264.654160	8264.642674	0.000000	0.000000	59	6
000574	28.753978	49.356358	8264.649883	8264.649883	514	8264.645576	8264.654190	0.000000	0.000000	59	5
000575	-9.584659	74.437256	8261.720175	8261.720175	511	8261.721611	8261.718740	0.000000	0.000000	60	3
000576	-47.923296	29.041914	8261.717294	8261.717294	508	8261.724472	8261.710115	0.000000	0.000000	60	6
000577	9.584659	74.297295	8261.720186	8261.720186	513	8261.718750	8261.721621	0.000000	0.000000	60	3
000578	47.923296	29.166342	8261.720206	8261.720206	516	8261.713028	8261.727385	0.000000	0.000000	60	7
000579	47.923296	13.879166	8261.720206	8261.720206	517	8261.713028	8261.727385	0.000000	0.000000	60	7
000580	-38.338637	36.560860	8261.718729	8261.718729	509	8261.724472	8261.712987	0.000000	0.000000	60	6
000581	28.753978	48.914787	8261.720196	8261.720196	514	8261.715889	8261.724503	0.000000	0.000000	60	5
000582	-28.753978	48.791519	8261.720165	8261.720165	510	8261.724472	8261.715858	0.000000	0.000000	60	5
000583	38.338637	36.673695	8261.718771	8261.718771	515	8261.713028	8261.724513	0.000000	0.000000	60	6
000584	-9.584659	74.883064	8258.790488	8258.790488	511	8258.791924	8258.789052	0.000000	0.000000	61	3
000585	-47.923296	29.320860	8258.787606	8258.787606	508	8258.794785	8258.780428	0.000000	0.000000	61	6
000586	9.584659	74.811897	8258.790498	8258.790498	513	8258.789062	8258.791934	0.000000	0.000000	61	3
000587	47.923296	29.108202	8258.790519	8258.790519	516	8258.783340	8258.797697	0.000000	0.000000	61	7
000588	47.923296	13.884436	8258.790519	8258.790519	517	8258.783340	8258.797697	0.000000	0.000000	61	7
000589	-28.753978	49.662964	8258.790478	8258.790478	510	8258.794785	8258.786171	0.000000	0.000000	61	5
000590	38.338637	36.876904	8258.789083	8258.789083	515	8258.783340	8258.794826	0.000000	0.000000	61	6
000591	28.753978	49.567265	8258.790508	8258.790508	514	8258.786201	8258.794815	0.000000	0.000000	61	5
000592	-38.338637	36.747116	8258.789042	8258.789042	509	8258.794785	8258.783299	0.000000	0.000000	61	6
000593	-9.584659	75.234940	8255.860800	8255.860800	511	8255.862236	8255.859365	0.000000	0.000000	62	3
000594	-47.923296	29.293232	8255.857919	8255.857919	508	8255.865097	8255.850740	0.000000	0.000000	62	6
000595	9.584659	75.249054	8255.860811	8255.860811	513	8255.859375	8255.862246	0.000000	0.000000	62	3
000596	47.923296	29.203390	8255.860831	8255.860831	516	8255.853653	8255.868010	0.000000	0.000000	62	7
000597	47.923296	14.200150	8255.860831	8255.860831	517	8255.853653	8255.868010	0.000000	0.000000	62	7
000598	-38.338637	36.710983	8255.859354	8255.859354	509	8255.865097	8255.853612	0.000000	0.000000	62	6
000599	28.753978	49.591152	8255.860821	8255.860821	514	8255.856514	8255.865128	0.000000	0.000000	62	5
000600	-28.753978	49.557934	8255.860790	8255.860790	510	8255.865097	8255.856483	0.000000	0.000000	62	5
000601	38.338637	36.700603	8255.859396	8255.859396	515	8255.853653	8255.865138	0.000000	0.000000	62	6
000602	-9.584659	76.427917	8252.931113	8252.931113	511	8252.932549	8252.929677	0.000000	0.000000	63	3
000603	-47.923296	29.755852	8252.928231	8252.928231	508	8252.935410	8252.921053	0.000000	0.000000	63	6
000604	9.584659	76.305984	8252.931123	8252.931123	513	8252.929688	8252.932559	0.000000	0.000000	63	3
000605	47.923296	29.774450	8252.931144	8252.931144	516	8252.923965	8252.938322	0.000000	0.000000	63	7
000606	47.923296	14.012973	8252.931144	8252.931144	517	8252.923965	8252.938322	0.000000	0.000000	63	7
000607	-28.753978	50.127621	8252.931103	8252.931103	510	8252.935410	8252.926796	0.000000	0.000000	63	5
000608	38.338637	37.417812	8252.929708	8252.929708	515	8252.923965	8252.935451	0.000000	0.000000	63	6
000609	-38.338637	37.460266	8252.929667	8252.929667	509	8252.935410	8252.923924	0.000000	0.000000	63	6
000610	28.753978	50.221146	8252.931133	8252.931133	514	8252.926826	8252.935440	0.000000	0.000000	63	5
