# -------------------------- o --------------------------
# File ID: /datag/public/A_Sign_in_Space_raw_h5/blc33_guppi_60067_71430_3C48_0009.rawspec.0002.h5
# -------------------------- o --------------------------
# Source:3C48
# MJD: 60067.826736111114	RA: 01h37m41.232ss	DEC:+34d09m34.20s
# DELTAT: 1.073742	DELTAF(Hz):  -2861.022949	max_drift_rate: 24.2230478	obs_length: 119.185342
# --------------------------
# Top_Hit_#	Drift_Rate	SNR	Uncorrected_Frequency	Corrected_Frequency	Index	freq_start	freq_end	SEFD_freq	Coarse_Channel_Number	Full_number_of_hits
# --------------------------
000001	24.223048	309.730560	8437.501444	8437.501444	513	8437.500000	8437.502887	0.000000	0.000000	0	3
000002	-24.223048	309.174500	8437.501418	8437.501418	511	8437.502861	8437.499974	0.000000	0.000000	0	3
000003	0.000000	626.209717	8437.500000	8437.500000	512	8437.500000	8437.500000	0.000000	0.000000	0	2
000004	24.223048	250.467346	8434.571756	8434.571756	513	8434.570312	8434.573200	0.000000	0.000000	1	3
000005	-24.223048	250.939804	8434.571730	8434.571730	511	8434.573174	8434.570286	0.000000	0.000000	1	3
000006	0.000000	509.573792	8434.570312	8434.570312	512	8434.570312	8434.570312	0.000000	0.000000	1	2
000007	24.223048	253.878540	8431.642069	8431.642069	513	8431.640625	8431.643512	0.000000	0.000000	2	3
000008	-24.223048	255.778503	8431.642043	8431.642043	511	8431.643486	8431.640599	0.000000	0.000000	2	3
000009	0.000000	516.797485	8431.640625	8431.640625	512	8431.640625	8431.640625	0.000000	0.000000	2	2
000010	24.223048	255.442184	8428.712381	8428.712381	513	8428.710938	8428.713825	0.000000	0.000000	3	3
000011	0.000000	518.114380	8428.710938	8428.710938	512	8428.710938	8428.710938	0.000000	0.000000	3	2
000012	24.223048	248.944290	8425.782694	8425.782694	513	8425.781250	8425.784137	0.000000	0.000000	4	3
000013	-24.223048	248.790466	8425.782668	8425.782668	511	8425.784111	8425.781224	0.000000	0.000000	4	3
000014	0.000000	504.884277	8425.781250	8425.781250	512	8425.781250	8425.781250	0.000000	0.000000	4	2
000015	24.223048	242.978119	8422.853006	8422.853006	513	8422.851562	8422.854450	0.000000	0.000000	5	3
000016	0.000000	495.962402	8422.851562	8422.851562	512	8422.851562	8422.851562	0.000000	0.000000	5	2
000017	24.223048	240.081894	8419.923319	8419.923319	513	8419.921875	8419.924762	0.000000	0.000000	6	3
000018	0.000000	490.233948	8419.921875	8419.921875	512	8419.921875	8419.921875	0.000000	0.000000	6	2
000019	-24.223048	242.563614	8416.993605	8416.993605	511	8416.995049	8416.992161	0.000000	0.000000	7	3
000020	24.223048	242.073349	8416.993631	8416.993631	513	8416.992188	8416.995075	0.000000	0.000000	7	3
000021	0.000000	492.229126	8416.992188	8416.992188	512	8416.992188	8416.992188	0.000000	0.000000	7	2
000022	24.223048	234.719193	8414.063944	8414.063944	513	8414.062500	8414.065387	0.000000	0.000000	8	3
000023	0.000000	481.422089	8414.062500	8414.062500	512	8414.062500	8414.062500	0.000000	0.000000	8	2
000024	24.223048	230.216125	8411.134256	8411.134256	513	8411.132812	8411.135700	0.000000	0.000000	9	3
000025	0.000000	469.791260	8411.132812	8411.132812	512	8411.132812	8411.132812	0.000000	0.000000	9	2
000026	24.223048	218.192902	8408.204569	8408.204569	513	8408.203125	8408.206012	0.000000	0.000000	10	3
000027	-24.223048	216.555786	8408.204543	8408.204543	511	8408.205986	8408.203099	0.000000	0.000000	10	3
000028	0.000000	438.769562	8408.203125	8408.203125	512	8408.203125	8408.203125	0.000000	0.000000	10	2
000029	24.223048	213.729507	8405.274881	8405.274881	513	8405.273438	8405.276325	0.000000	0.000000	11	3
000030	0.000000	434.433807	8405.273438	8405.273438	512	8405.273438	8405.273438	0.000000	0.000000	11	2
000031	24.223048	212.464554	8402.345194	8402.345194	513	8402.343750	8402.346637	0.000000	0.000000	12	3
000032	0.000000	431.508179	8402.343750	8402.343750	512	8402.343750	8402.343750	0.000000	0.000000	12	2
000033	24.223048	215.395355	8399.415506	8399.415506	513	8399.414062	8399.416950	0.000000	0.000000	13	3
000034	-24.223048	214.739746	8399.415480	8399.415480	511	8399.416924	8399.414036	0.000000	0.000000	13	3
000035	0.000000	435.833649	8399.414062	8399.414062	512	8399.414062	8399.414062	0.000000	0.000000	13	2
000036	24.223048	214.770294	8396.485819	8396.485819	513	8396.484375	8396.487262	0.000000	0.000000	14	3
000037	0.000000	434.721130	8396.484375	8396.484375	512	8396.484375	8396.484375	0.000000	0.000000	14	2
000038	24.223048	216.176849	8393.556131	8393.556131	513	8393.554688	8393.557575	0.000000	0.000000	15	3
000039	-24.223048	215.508804	8393.556105	8393.556105	511	8393.557549	8393.554661	0.000000	0.000000	15	3
000040	0.000000	436.857300	8393.554688	8393.554688	512	8393.554688	8393.554688	0.000000	0.000000	15	2
000041	-24.223048	361.252319	8390.626418	8390.626418	511	8390.627861	8390.624974	0.000000	0.000000	16	3
000042	24.223048	359.713959	8390.626444	8390.626444	513	8390.625000	8390.627887	0.000000	0.000000	16	3
000043	0.000000	732.424805	8390.625000	8390.625000	512	8390.625000	8390.625000	0.000000	0.000000	16	2
000044	24.223048	212.883087	8387.696756	8387.696756	513	8387.695312	8387.698200	0.000000	0.000000	17	3
000045	0.000000	432.762329	8387.695312	8387.695312	512	8387.695312	8387.695312	0.000000	0.000000	17	2
000046	24.223048	215.018280	8384.767069	8384.767069	513	8384.765625	8384.768512	0.000000	0.000000	18	3
000047	-24.223048	215.553406	8384.767043	8384.767043	511	8384.768486	8384.765599	0.000000	0.000000	18	3
000048	0.000000	434.527588	8384.765625	8384.765625	512	8384.765625	8384.765625	0.000000	0.000000	18	2
000049	24.223048	214.184601	8381.837381	8381.837381	513	8381.835938	8381.838825	0.000000	0.000000	19	3
000050	-24.223048	213.974731	8381.837355	8381.837355	511	8381.838799	8381.835911	0.000000	0.000000	19	3
000051	0.000000	433.971008	8381.835938	8381.835938	512	8381.835938	8381.835938	0.000000	0.000000	19	2
000052	24.223048	216.303268	8378.907694	8378.907694	513	8378.906250	8378.909137	0.000000	0.000000	20	3
000053	-24.223048	214.697418	8378.907668	8378.907668	511	8378.909111	8378.906224	0.000000	0.000000	20	3
000054	0.000000	436.804962	8378.906250	8378.906250	512	8378.906250	8378.906250	0.000000	0.000000	20	2
000055	-24.223048	221.836594	8375.977980	8375.977980	511	8375.979424	8375.976536	0.000000	0.000000	21	3
000056	24.223048	222.019791	8375.978006	8375.978006	513	8375.976562	8375.979450	0.000000	0.000000	21	3
000057	0.000000	447.667175	8375.976562	8375.976562	512	8375.976562	8375.976562	0.000000	0.000000	21	2
000058	24.223048	229.127777	8373.048319	8373.048319	513	8373.046875	8373.049762	0.000000	0.000000	22	3
000059	0.000000	465.380890	8373.046875	8373.046875	512	8373.046875	8373.046875	0.000000	0.000000	22	2
000060	24.223048	232.942535	8370.118631	8370.118631	513	8370.117188	8370.120075	0.000000	0.000000	23	3
000061	-24.223048	234.066772	8370.118605	8370.118605	511	8370.120049	8370.117161	0.000000	0.000000	23	3
000062	0.000000	474.996033	8370.117188	8370.117188	512	8370.117188	8370.117188	0.000000	0.000000	23	2
000063	24.223048	237.646057	8367.188944	8367.188944	513	8367.187500	8367.190387	0.000000	0.000000	24	3
000064	-24.223048	238.400696	8367.188918	8367.188918	511	8367.190361	8367.187474	0.000000	0.000000	24	3
000065	0.000000	480.918945	8367.187500	8367.187500	512	8367.187500	8367.187500	0.000000	0.000000	24	2
000066	24.223048	239.192139	8364.259256	8364.259256	513	8364.257812	8364.260700	0.000000	0.000000	25	3
000067	-24.223048	239.344955	8364.259230	8364.259230	511	8364.260674	8364.257786	0.000000	0.000000	25	3
000068	0.000000	487.062225	8364.257812	8364.257812	512	8364.257812	8364.257812	0.000000	0.000000	25	2
000069	24.223048	242.052261	8361.329569	8361.329569	513	8361.328125	8361.331012	0.000000	0.000000	26	3
000070	0.000000	490.865662	8361.328125	8361.328125	512	8361.328125	8361.328125	0.000000	0.000000	26	2
000071	24.223048	244.525345	8358.399881	8358.399881	513	8358.398438	8358.401325	0.000000	0.000000	27	3
000072	0.000000	497.647949	8358.398438	8358.398438	512	8358.398438	8358.398438	0.000000	0.000000	27	2
000073	24.223048	240.881210	8355.470194	8355.470194	513	8355.468750	8355.471637	0.000000	0.000000	28	3
000074	0.000000	493.607300	8355.468750	8355.468750	512	8355.468750	8355.468750	0.000000	0.000000	28	2
000075	24.223048	240.057449	8352.540506	8352.540506	513	8352.539062	8352.541950	0.000000	0.000000	29	3
000076	0.000000	485.905884	8352.539062	8352.539062	512	8352.539062	8352.539062	0.000000	0.000000	29	2
000077	24.223048	234.926544	8349.610819	8349.610819	513	8349.609375	8349.612262	0.000000	0.000000	30	3
000078	0.000000	477.662994	8349.609375	8349.609375	512	8349.609375	8349.609375	0.000000	0.000000	30	2
000079	24.223048	231.632538	8346.681131	8346.681131	513	8346.679688	8346.682575	0.000000	0.000000	31	3
000080	0.000000	476.731812	8346.679688	8346.679688	512	8346.679688	8346.679688	0.000000	0.000000	31	2
000081	24.223048	427.289459	8343.751444	8343.751444	513	8343.750000	8343.752887	0.000000	0.000000	32	3
000082	-24.223048	426.052002	8343.751418	8343.751418	511	8343.752861	8343.749974	0.000000	0.000000	32	3
000083	0.000000	860.328003	8343.750000	8343.750000	512	8343.750000	8343.750000	0.000000	0.000000	32	2
000084	24.223048	230.259308	8340.821756	8340.821756	513	8340.820312	8340.823200	0.000000	0.000000	33	3
000085	0.000000	469.190765	8340.820312	8340.820312	512	8340.820312	8340.820312	0.000000	0.000000	33	2
000086	24.223048	229.674255	8337.892069	8337.892069	513	8337.890625	8337.893512	0.000000	0.000000	34	3
000087	0.000000	466.700745	8337.890625	8337.890625	512	8337.890625	8337.890625	0.000000	0.000000	34	2
000088	24.223048	226.235855	8334.962381	8334.962381	513	8334.960938	8334.963825	0.000000	0.000000	35	3
000089	-24.223048	226.525360	8334.962355	8334.962355	511	8334.963799	8334.960911	0.000000	0.000000	35	3
000090	0.000000	460.097137	8334.960938	8334.960938	512	8334.960938	8334.960938	0.000000	0.000000	35	2
000091	24.223048	226.376846	8332.032694	8332.032694	513	8332.031250	8332.034137	0.000000	0.000000	36	3
000092	0.000000	460.852386	8332.031250	8332.031250	512	8332.031250	8332.031250	0.000000	0.000000	36	2
000093	24.223048	227.781937	8329.103006	8329.103006	513	8329.101562	8329.104450	0.000000	0.000000	37	3
000094	-24.223048	227.077576	8329.102980	8329.102980	511	8329.104424	8329.101536	0.000000	0.000000	37	3
000095	0.000000	459.910065	8329.101562	8329.101562	512	8329.101562	8329.101562	0.000000	0.000000	37	2
000096	24.223048	224.866302	8326.173319	8326.173319	513	8326.171875	8326.174762	0.000000	0.000000	38	3
000097	-24.223048	225.242859	8326.173293	8326.173293	511	8326.174736	8326.171849	0.000000	0.000000	38	3
000098	0.000000	458.335632	8326.171875	8326.171875	512	8326.171875	8326.171875	0.000000	0.000000	38	2
000099	24.223048	228.841263	8323.243631	8323.243631	513	8323.242188	8323.245075	0.000000	0.000000	39	3
000100	0.000000	466.502380	8323.242188	8323.242188	512	8323.242188	8323.242188	0.000000	0.000000	39	2
000101	24.223048	233.147934	8320.313944	8320.313944	513	8320.312500	8320.315387	0.000000	0.000000	40	3
000102	-24.223048	233.695251	8320.313918	8320.313918	511	8320.315361	8320.312474	0.000000	0.000000	40	3
000103	0.000000	474.131714	8320.312500	8320.312500	512	8320.312500	8320.312500	0.000000	0.000000	40	2
000104	24.223048	233.941299	8317.384256	8317.384256	513	8317.382812	8317.385700	0.000000	0.000000	41	3
000105	-24.223048	234.932434	8317.384230	8317.384230	511	8317.385674	8317.382786	0.000000	0.000000	41	3
000106	0.000000	477.478790	8317.382812	8317.382812	512	8317.382812	8317.382812	0.000000	0.000000	41	2
000107	24.223048	235.965927	8314.454569	8314.454569	513	8314.453125	8314.456012	0.000000	0.000000	42	3
000108	-24.223048	235.727798	8314.454543	8314.454543	511	8314.455986	8314.453099	0.000000	0.000000	42	3
000109	0.000000	478.740753	8314.453125	8314.453125	512	8314.453125	8314.453125	0.000000	0.000000	42	2
000110	24.223048	236.693283	8311.524881	8311.524881	513	8311.523438	8311.526325	0.000000	0.000000	43	3
000111	0.000000	483.942169	8311.523438	8311.523438	512	8311.523438	8311.523438	0.000000	0.000000	43	2
000112	24.223048	239.364319	8308.595194	8308.595194	513	8308.593750	8308.596637	0.000000	0.000000	44	3
000113	-24.223048	240.713791	8308.595168	8308.595168	511	8308.596611	8308.593724	0.000000	0.000000	44	3
000114	0.000000	488.046173	8308.593750	8308.593750	512	8308.593750	8308.593750	0.000000	0.000000	44	2
000115	24.223048	244.228226	8305.665506	8305.665506	513	8305.664062	8305.666950	0.000000	0.000000	45	3
000116	0.000000	498.302277	8305.664062	8305.664062	512	8305.664062	8305.664062	0.000000	0.000000	45	2
000117	24.223048	252.283356	8302.735819	8302.735819	513	8302.734375	8302.737262	0.000000	0.000000	46	3
000118	-24.223048	253.697342	8302.735793	8302.735793	511	8302.737236	8302.734349	0.000000	0.000000	46	3
000119	0.000000	513.417786	8302.734375	8302.734375	512	8302.734375	8302.734375	0.000000	0.000000	46	2
000120	24.223048	256.768829	8299.806131	8299.806131	513	8299.804688	8299.807575	0.000000	0.000000	47	3
000121	-24.223048	255.223190	8299.806105	8299.806105	511	8299.807549	8299.804661	0.000000	0.000000	47	3
000122	0.000000	518.231689	8299.804688	8299.804688	512	8299.804688	8299.804688	0.000000	0.000000	47	2
000123	24.223048	320.613617	8296.876444	8296.876444	513	8296.875000	8296.877887	0.000000	0.000000	48	3
000124	-24.223048	322.429718	8296.876418	8296.876418	511	8296.877861	8296.874974	0.000000	0.000000	48	3
000125	0.000000	651.568604	8296.875000	8296.875000	512	8296.875000	8296.875000	0.000000	0.000000	48	2
000126	24.223048	254.337357	8293.946756	8293.946756	513	8293.945312	8293.948200	0.000000	0.000000	49	3
000127	0.000000	518.154968	8293.945312	8293.945312	512	8293.945312	8293.945312	0.000000	0.000000	49	2
000128	24.223048	255.458130	8291.017069	8291.017069	513	8291.015625	8291.018512	0.000000	0.000000	50	3
000129	0.000000	520.460266	8291.015625	8291.015625	512	8291.015625	8291.015625	0.000000	0.000000	50	2
000130	24.223048	261.577789	8288.087381	8288.087381	513	8288.085938	8288.088825	0.000000	0.000000	51	3
000131	0.000000	534.763367	8288.085938	8288.085938	512	8288.085938	8288.085938	0.000000	0.000000	51	2
000132	24.223048	266.831116	8285.157694	8285.157694	513	8285.156250	8285.159137	0.000000	0.000000	52	3
000133	0.000000	542.814392	8285.156250	8285.156250	512	8285.156250	8285.156250	0.000000	0.000000	52	2
000134	24.223048	259.336792	8282.228006	8282.228006	513	8282.226562	8282.229450	0.000000	0.000000	53	3
000135	0.000000	528.365662	8282.226562	8282.226562	512	8282.226562	8282.226562	0.000000	0.000000	53	2
000136	24.223048	256.980713	8279.298319	8279.298319	513	8279.296875	8279.299762	0.000000	0.000000	54	3
000137	-24.223048	257.093475	8279.298293	8279.298293	511	8279.299736	8279.296849	0.000000	0.000000	54	3
000138	0.000000	523.322876	8279.296875	8279.296875	512	8279.296875	8279.296875	0.000000	0.000000	54	2
000139	24.223048	256.957275	8276.368631	8276.368631	513	8276.367188	8276.370075	0.000000	0.000000	55	3
000140	-24.223048	258.292755	8276.368605	8276.368605	511	8276.370049	8276.367161	0.000000	0.000000	55	3
000141	0.000000	521.331726	8276.367188	8276.367188	512	8276.367188	8276.367188	0.000000	0.000000	55	2
000142	24.223048	259.375732	8273.438944	8273.438944	513	8273.437500	8273.440387	0.000000	0.000000	56	3
000143	0.000000	525.883484	8273.437500	8273.437500	512	8273.437500	8273.437500	0.000000	0.000000	56	2
000144	24.223048	258.460754	8270.509256	8270.509256	513	8270.507812	8270.510700	0.000000	0.000000	57	3
000145	-24.223048	258.947815	8270.509230	8270.509230	511	8270.510674	8270.507786	0.000000	0.000000	57	3
000146	0.000000	525.809448	8270.507812	8270.507812	512	8270.507812	8270.507812	0.000000	0.000000	57	2
000147	24.223048	259.688660	8267.579569	8267.579569	513	8267.578125	8267.581012	0.000000	0.000000	58	3
000148	0.000000	532.592651	8267.578125	8267.578125	512	8267.578125	8267.578125	0.000000	0.000000	58	2
000149	24.223048	258.976074	8264.649881	8264.649881	513	8264.648438	8264.651325	0.000000	0.000000	59	3
000150	-24.223048	259.880066	8264.649855	8264.649855	511	8264.651299	8264.648411	0.000000	0.000000	59	3
000151	0.000000	525.974548	8264.648438	8264.648438	512	8264.648438	8264.648438	0.000000	0.000000	59	2
000152	24.223048	257.604340	8261.720194	8261.720194	513	8261.718750	8261.721637	0.000000	0.000000	60	3
000153	0.000000	527.119629	8261.718750	8261.718750	512	8261.718750	8261.718750	0.000000	0.000000	60	2
000154	-24.223048	259.818115	8258.790480	8258.790480	511	8258.791924	8258.789036	0.000000	0.000000	61	3
000155	24.223048	259.283844	8258.790506	8258.790506	513	8258.789062	8258.791950	0.000000	0.000000	61	3
000156	0.000000	525.783997	8258.789062	8258.789062	512	8258.789062	8258.789062	0.000000	0.000000	61	2
000157	24.223048	258.087006	8255.860819	8255.860819	513	8255.859375	8255.862262	0.000000	0.000000	62	3
000158	0.000000	524.113647	8255.859375	8255.859375	512	8255.859375	8255.859375	0.000000	0.000000	62	2
000159	24.223048	259.818146	8252.931131	8252.931131	513	8252.929688	8252.932575	0.000000	0.000000	63	3
000160	0.000000	528.630127	8252.929688	8252.929688	512	8252.929688	8252.929688	0.000000	0.000000	63	2
