# -------------------------- o --------------------------
# File ID: /datag/public/A_Sign_in_Space_raw_h5/blc33_guppi_60067_72149_EXOMARS16TGO_DIAG_0010.rawspec.0002.h5
# -------------------------- o --------------------------
# Source:EXOMARS16TGO_DIAG
# MJD: 60067.83505787037	RA: 07h28m43.872ss	DEC:+23d37m05.16s
# DELTAT: 1.073742	DELTAF(Hz):  -2861.022949	max_drift_rate: 58.4432532	obs_length: 2399.812977
# --------------------------
# Top_Hit_#	Drift_Rate	SNR	Uncorrected_Frequency	Corrected_Frequency	Index	freq_start	freq_end	SEFD_freq	Coarse_Channel_Number	Full_number_of_hits
# --------------------------
000001	-57.250534	2206.006836	8410.214393	8410.214393	810	8410.283089	8410.145698	0.000000	0.000000	9	3
000002	-46.516059	1304.029907	8410.968279	8410.968279	547	8411.024094	8410.912464	0.000000	0.000000	9	20
000003	-35.781584	1080.000122	8410.972576	8410.972576	553	8411.015511	8410.929641	0.000000	0.000000	9	26
000004	-54.865095	17.106745	8410.640687	8410.640687	661	8410.706520	8410.574854	0.000000	0.000000	9	4
000005	-42.937900	9842.241211	8409.896828	8409.896828	915	8409.948349	8409.845306	0.000000	0.000000	9	40
000006	-58.443253	351.183075	8411.503284	8411.503284	353	8411.573410	8411.433157	0.000000	0.000000	9	13
000007	-44.130620	84.326950	8412.035442	8412.035442	180	8412.088394	8411.982489	0.000000	0.000000	9	13
000008	-51.286937	153.011185	8410.587760	8410.587760	681	8410.649300	8410.526221	0.000000	0.000000	9	9
000009	-51.286937	587.366333	8410.530540	8410.530540	700	8410.592079	8410.469000	0.000000	0.000000	9	9
000010	-40.552461	1206.935181	8410.972573	8410.972573	550	8411.021233	8410.923914	0.000000	0.000000	9	23
000011	-47.708778	93.610542	8412.031148	8412.031148	178	8412.088394	8411.973902	0.000000	0.000000	9	12
000012	-58.443253	10299.565430	8409.906833	8409.906833	907	8409.976959	8409.836706	0.000000	0.000000	9	20
000013	-54.865095	361.537628	8411.504716	8411.504716	355	8411.570549	8411.438883	0.000000	0.000000	9	14
000014	-52.479656	3066.064209	8410.214396	8410.214396	814	8410.277367	8410.151425	0.000000	0.000000	9	7
000015	-54.865095	12494.115234	8410.434693	8410.434693	724	8410.500526	8410.368860	0.000000	0.000000	9	24
000016	-2.385439	67.426796	8411.519049	8411.519049	388	8411.521912	8411.516187	0.000000	0.000000	9	34
000017	-52.479656	362.994171	8411.507578	8411.507578	356	8411.570549	8411.444608	0.000000	0.000000	9	15
000018	-41.745181	1243.510376	8410.971142	8410.971142	549	8411.021233	8410.921052	0.000000	0.000000	9	23
000019	-52.479656	16.541536	8410.643549	8410.643549	662	8410.706520	8410.580579	0.000000	0.000000	9	5
000020	-56.057814	15.053330	8410.642117	8410.642117	660	8410.709381	8410.574853	0.000000	0.000000	9	3
000021	-48.901498	96.260063	8412.029717	8412.029717	177	8412.088394	8411.971040	0.000000	0.000000	9	12
000022	-41.745181	323.266785	8411.511876	8411.511876	362	8411.561966	8411.461785	0.000000	0.000000	9	20
000023	20.276231	3954.935547	8410.490524	8410.490524	773	8410.466194	8410.514853	0.000000	0.000000	9	100
000024	-57.250534	93.231224	8412.025421	8412.025421	173	8412.094116	8411.956726	0.000000	0.000000	9	8
000025	-40.552461	94.410843	8410.583474	8410.583474	687	8410.632133	8410.534815	0.000000	0.000000	9	16
000026	-56.057814	2338.456299	8410.212964	8410.212964	811	8410.280228	8410.145699	0.000000	0.000000	9	4
000027	-56.057814	23811.267578	8410.181492	8410.181492	818	8410.248756	8410.114228	0.000000	0.000000	9	10
000028	-25.047109	190.629715	8411.517607	8411.517607	372	8411.547661	8411.487552	0.000000	0.000000	9	26
000029	-51.286937	97.752586	8412.029716	8412.029716	176	8412.091255	8411.968176	0.000000	0.000000	9	11
000030	-57.250534	358.117157	8411.501854	8411.501854	354	8411.570549	8411.433158	0.000000	0.000000	9	14
000031	-36.974303	1124.672974	8410.971145	8410.971145	552	8411.015511	8410.926779	0.000000	0.000000	9	26
000032	-40.552461	464.317932	8410.534837	8410.534837	706	8410.583496	8410.486178	0.000000	0.000000	9	15
000033	-40.552461	11527.537109	8410.426118	8410.426118	731	8410.474777	8410.377459	0.000000	0.000000	9	43
000034	-32.203425	8082.793457	8409.901125	8409.901125	921	8409.939766	8409.862484	0.000000	0.000000	9	46
000035	-57.250534	1321.037109	8410.961120	8410.961120	541	8411.029816	8410.892425	0.000000	0.000000	9	16
000036	-53.672375	97.423508	8412.026853	8412.026853	175	8412.091255	8411.962452	0.000000	0.000000	9	10
000037	20.276231	11.237921	8410.490524	8410.490524	696	8410.466194	8410.514853	0.000000	0.000000	9	100
000038	-45.323339	89.443794	8412.034010	8412.034010	179	8412.088394	8411.979627	0.000000	0.000000	9	13
000039	-47.708778	18855.714844	8410.185788	8410.185788	822	8410.243034	8410.128542	0.000000	0.000000	9	14
000040	-28.625267	18.616587	8412.034019	8412.034019	189	8412.068367	8411.999672	0.000000	0.000000	9	11
000041	-52.479656	12516.793945	8410.437556	8410.437556	725	8410.500526	8410.374585	0.000000	0.000000	9	25
000042	19.083511	4429.144531	8410.211573	8410.211573	870	8410.188675	8410.234472	0.000000	0.000000	9	61
000043	-35.781584	83.685234	8410.557728	8410.557728	690	8410.600662	8410.514793	0.000000	0.000000	9	33
000044	-33.396145	255.819748	8411.516172	8411.516172	367	8411.556244	8411.476099	0.000000	0.000000	9	24
000045	-58.443253	2138.748291	8410.212962	8410.212962	809	8410.283089	8410.142836	0.000000	0.000000	9	2
000046	-58.443253	26333.203125	8410.181491	8410.181491	817	8410.251617	8410.111365	0.000000	0.000000	9	9
000047	-39.359742	311.266785	8411.514738	8411.514738	363	8411.561966	8411.467510	0.000000	0.000000	9	21
000048	-54.865095	2579.063477	8410.214395	8410.214395	812	8410.280228	8410.148562	0.000000	0.000000	9	5
000049	-27.432547	7216.241211	8409.903988	8409.903988	924	8409.936905	8409.871072	0.000000	0.000000	9	49
000050	-47.708778	175.209442	8410.002683	8410.002683	886	8410.059929	8409.945437	0.000000	0.000000	9	10
000051	23.854389	2931.751709	8409.928335	8409.928335	960	8409.899712	8409.956958	0.000000	0.000000	9	74
000052	-57.250534	149.032089	8410.583465	8410.583465	678	8410.652161	8410.514770	0.000000	0.000000	9	7
000053	-8.349036	598.090637	8410.979743	8410.979743	571	8410.989761	8410.969725	0.000000	0.000000	9	44
000054	-32.203425	33.172688	8412.032587	8412.032587	187	8412.071228	8411.993946	0.000000	0.000000	9	12
000055	-52.479656	155.233902	8410.586329	8410.586329	680	8410.649300	8410.523358	0.000000	0.000000	9	9
000056	-52.479656	593.177734	8410.529108	8410.529108	699	8410.592079	8410.466138	0.000000	0.000000	9	9
000057	-48.901498	358.346527	8411.509011	8411.509011	358	8411.567688	8411.450334	0.000000	0.000000	9	17
000058	-35.781584	512.813782	8410.557728	8410.557728	709	8410.600662	8410.514793	0.000000	0.000000	9	33
000059	-35.781584	10576.757812	8410.426121	8410.426121	734	8410.469055	8410.383186	0.000000	0.000000	9	46
000060	25.047109	318.696960	8410.985483	8410.985483	595	8410.955429	8411.015537	0.000000	0.000000	9	69
000061	-35.781584	8698.766602	8409.899692	8409.899692	919	8409.942627	8409.856758	0.000000	0.000000	9	44
000062	-29.817986	13213.916016	8410.192950	8410.192950	832	8410.228729	8410.157172	0.000000	0.000000	9	24
000063	-47.708778	352.195343	8411.510442	8411.510442	359	8411.567688	8411.453196	0.000000	0.000000	9	17
000064	-29.817986	228.698242	8411.517604	8411.517604	369	8411.553383	8411.481825	0.000000	0.000000	9	25
000065	-40.552461	16025.880859	8410.191514	8410.191514	826	8410.240173	8410.142855	0.000000	0.000000	9	17
000066	-26.239828	202.544922	8411.516175	8411.516175	371	8411.547661	8411.484690	0.000000	0.000000	9	26
000067	-53.672375	10495.250977	8409.909696	8409.909696	909	8409.974098	8409.845295	0.000000	0.000000	9	22
000068	-50.094217	1339.206177	8410.966846	8410.966846	545	8411.026955	8410.906738	0.000000	0.000000	9	18
000069	-46.516059	137.979797	8410.590624	8410.590624	683	8410.646439	8410.534809	0.000000	0.000000	9	11
000070	-46.516059	551.806885	8410.530542	8410.530542	702	8410.586357	8410.474727	0.000000	0.000000	9	12
000071	-51.286937	1347.698364	8410.965415	8410.965415	544	8411.026955	8410.903876	0.000000	0.000000	9	18
000072	17.890792	4430.492676	8410.210142	8410.210142	869	8410.188675	8410.231609	0.000000	0.000000	9	60
000073	-36.974303	56.703793	8412.035445	8412.035445	184	8412.079811	8411.991080	0.000000	0.000000	9	13
000074	-53.672375	191.322449	8410.001249	8410.001249	883	8410.065651	8409.936847	0.000000	0.000000	9	6
000075	-34.588864	270.311035	8411.517602	8411.517602	366	8411.559105	8411.476098	0.000000	0.000000	9	23
000076	-52.479656	10524.083984	8409.911128	8409.911128	910	8409.974098	8409.848157	0.000000	0.000000	9	23
000077	-3.578158	72.278275	8411.520479	8411.520479	387	8411.524773	8411.516186	0.000000	0.000000	9	33
000078	-38.167023	297.807312	8411.513308	8411.513308	364	8411.559105	8411.467511	0.000000	0.000000	9	22
000079	-4.770878	77.875916	8411.519048	8411.519048	386	8411.524773	8411.513323	0.000000	0.000000	9	34
000080	-34.588864	48.714977	8412.035447	8412.035447	185	8412.076950	8411.993943	0.000000	0.000000	9	13
000081	-35.781584	238.291504	8410.008411	8410.008411	894	8410.051346	8409.965477	0.000000	0.000000	9	14
000082	-54.865095	95.950798	8412.028283	8412.028283	174	8412.094116	8411.962450	0.000000	0.000000	9	9
000083	-51.286937	361.822754	8411.506148	8411.506148	357	8411.567688	8411.444609	0.000000	0.000000	9	16
000084	-7.156317	89.601959	8411.519047	8411.519047	384	8411.527634	8411.510460	0.000000	0.000000	9	33
000085	28.625267	295.878815	8410.986916	8410.986916	598	8410.952568	8411.021263	0.000000	0.000000	9	71
000086	-48.901498	147.100433	8410.587761	8410.587761	682	8410.646439	8410.529084	0.000000	0.000000	9	10
000087	-48.901498	573.085876	8410.530541	8410.530541	701	8410.589218	8410.471864	0.000000	0.000000	9	11
000088	-53.672375	2728.575439	8410.212965	8410.212965	813	8410.277367	8410.148563	0.000000	0.000000	9	6
000089	-53.672375	22285.388672	8410.184355	8410.184355	819	8410.248756	8410.119953	0.000000	0.000000	9	11
000090	-33.396145	665.899475	8410.557729	8410.557729	711	8410.597801	8410.517657	0.000000	0.000000	9	31
000091	-33.396145	10236.094727	8410.428983	8410.428983	735	8410.469055	8410.388911	0.000000	0.000000	9	47
000092	-27.432547	11.678771	8412.032589	8412.032589	190	8412.065506	8411.999673	0.000000	0.000000	9	10
000093	-35.781584	284.598602	8411.516170	8411.516170	365	8411.559105	8411.473236	0.000000	0.000000	9	23
000094	-48.901498	10389.041016	8409.912560	8409.912560	912	8409.971237	8409.853883	0.000000	0.000000	9	25
000095	-36.974303	83.545998	8410.582046	8410.582046	689	8410.626411	8410.537680	0.000000	0.000000	9	16
000096	-48.901498	12386.846680	8410.438988	8410.438988	727	8410.497665	8410.380311	0.000000	0.000000	9	26
000097	-29.817986	25.710648	8412.035449	8412.035449	188	8412.071228	8411.999670	0.000000	0.000000	9	11
000098	-28.625267	14398.046875	8410.194382	8410.194382	833	8410.228729	8410.160034	0.000000	0.000000	9	24
000099	-5.963597	83.607735	8411.520478	8411.520478	385	8411.527634	8411.513322	0.000000	0.000000	9	33
000100	-40.552461	9589.008789	8409.899690	8409.899690	916	8409.948349	8409.851031	0.000000	0.000000	9	41
000101	-45.323339	344.498993	8411.510443	8411.510443	360	8411.564827	8411.456059	0.000000	0.000000	9	18
000102	-23.854389	6716.655762	8409.905421	8409.905421	926	8409.934044	8409.876798	0.000000	0.000000	9	51
000103	0.000000	60.576984	8411.519051	8411.519051	389	8411.519051	8411.519051	0.000000	0.000000	9	35
000104	-54.865095	1337.762085	8410.963983	8410.963983	542	8411.029816	8410.898150	0.000000	0.000000	9	17
000105	-38.167023	64.226845	8412.034014	8412.034014	183	8412.079811	8411.988217	0.000000	0.000000	9	14
000106	4.770878	39.920818	8411.516192	8411.516192	393	8411.510468	8411.521917	0.000000	0.000000	9	34
000107	16.698072	4393.085938	8410.211572	8410.211572	868	8410.191536	8410.231608	0.000000	0.000000	9	59
000108	7.156317	31.159946	8411.493305	8411.493305	395	8411.484718	8411.501892	0.000000	0.000000	9	18
000109	-32.203425	9915.950195	8410.427553	8410.427553	736	8410.466194	8410.388912	0.000000	0.000000	9	48
000110	-40.552461	139.201294	8410.005548	8410.005548	890	8410.054207	8409.956889	0.000000	0.000000	9	14
000111	-41.745181	78.208107	8412.035443	8412.035443	181	8412.085533	8411.985353	0.000000	0.000000	9	13
000112	4.770878	457.956299	8410.981181	8410.981181	580	8410.975456	8410.986905	0.000000	0.000000	9	54
000113	1.192719	55.503780	8411.517621	8411.517621	390	8411.516190	8411.519052	0.000000	0.000000	9	34
000114	1.192719	50.650013	8411.517621	8411.517621	391	8411.516190	8411.519052	0.000000	0.000000	9	34
000115	34.588864	3269.044678	8410.490531	8410.490531	784	8410.449028	8410.532035	0.000000	0.000000	9	109
000116	-27.432547	14866.875000	8410.195813	8410.195813	834	8410.228729	8410.162896	0.000000	0.000000	9	25
000117	-13.119914	5440.371582	8409.921162	8409.921162	933	8409.936905	8409.905420	0.000000	0.000000	9	48
000118	-31.010706	242.182236	8411.516173	8411.516173	368	8411.553383	8411.478963	0.000000	0.000000	9	24
000119	-50.094217	14.370679	8410.643551	8410.643551	663	8410.703659	8410.583442	0.000000	0.000000	9	4
000120	-44.130620	1276.524536	8410.971141	8410.971141	548	8411.024094	8410.918188	0.000000	0.000000	9	21
000121	-40.552461	71.355019	8412.034013	8412.034013	182	8412.082672	8411.985354	0.000000	0.000000	9	14
000122	-25.047109	6955.714844	8409.903990	8409.903990	925	8409.934044	8409.873936	0.000000	0.000000	9	50
000123	-11.927195	648.161804	8410.978311	8410.978311	568	8410.992622	8410.963999	0.000000	0.000000	9	42
000124	3.578158	44.726528	8411.517622	8411.517622	392	8411.513329	8411.521915	0.000000	0.000000	9	33
000125	32.203425	3182.502441	8410.210150	8410.210150	881	8410.171509	8410.248791	0.000000	0.000000	9	72
000126	17.890792	361.743408	8410.985479	8410.985479	590	8410.964012	8411.006947	0.000000	0.000000	9	63
000127	5.963597	35.646824	8411.514762	8411.514762	394	8411.507607	8411.521918	0.000000	0.000000	9	34
000128	-16.698072	10426.698242	8410.202971	8410.202971	842	8410.223007	8410.182935	0.000000	0.000000	9	36
000129	9.541756	26.928652	8411.487584	8411.487584	396	8411.476135	8411.499034	0.000000	0.000000	9	14
000130	9.541756	23.035070	8411.487584	8411.487584	397	8411.476135	8411.499034	0.000000	0.000000	9	14
000131	-42.937900	501.409821	8410.531975	8410.531975	704	8410.583496	8410.480453	0.000000	0.000000	9	14
000132	-42.937900	11801.091797	8410.423256	8410.423256	730	8410.474777	8410.371734	0.000000	0.000000	9	42
000133	-33.396145	41.046814	8412.034017	8412.034017	186	8412.074089	8411.993945	0.000000	0.000000	9	12
000134	44.130620	232.175217	8410.988355	8410.988355	610	8410.935402	8411.041307	0.000000	0.000000	9	83
000135	-46.516059	10251.934570	8409.912561	8409.912561	913	8409.968376	8409.856746	0.000000	0.000000	9	26
000136	-28.625267	915.131653	8410.975441	8410.975441	557	8411.009789	8410.941093	0.000000	0.000000	9	31
000137	11.927195	18.861406	8411.484725	8411.484725	398	8411.470413	8411.499036	0.000000	0.000000	9	12
000138	-33.396145	15720.449219	8410.194379	8410.194379	830	8410.234451	8410.154307	0.000000	0.000000	9	21
000139	-46.516059	12241.449219	8410.421823	8410.421823	728	8410.477638	8410.366008	0.000000	0.000000	9	40
000140	-53.672375	1347.916992	8410.965414	8410.965414	543	8411.029816	8410.901012	0.000000	0.000000	9	17
000141	-39.359742	11234.491211	8410.424688	8410.424688	732	8410.471916	8410.377460	0.000000	0.000000	9	44
000142	-32.203425	15033.061523	8410.192949	8410.192949	831	8410.231590	8410.154308	0.000000	0.000000	9	22
000143	-32.203425	994.853882	8410.974008	8410.974008	555	8411.012650	8410.935367	0.000000	0.000000	9	29
000144	22.661670	4258.275391	8410.210145	8410.210145	873	8410.182953	8410.237337	0.000000	0.000000	9	62
000145	-21.468950	168.656403	8411.519039	8411.519039	374	8411.544800	8411.493278	0.000000	0.000000	9	27
000146	13.119914	15.652867	8411.483295	8411.483295	399	8411.467552	8411.499038	0.000000	0.000000	9	11
000147	14.312633	11.564710	8411.481865	8411.481865	400	8411.464691	8411.499039	0.000000	0.000000	9	9
000148	-25.047109	76.400139	8409.903990	8409.903990	952	8409.934044	8409.873936	0.000000	0.000000	9	50
000149	-38.167023	16690.974609	8410.191515	8410.191515	827	8410.237312	8410.145719	0.000000	0.000000	9	19
000150	39.359742	2320.830566	8409.929773	8409.929773	973	8409.882545	8409.977001	0.000000	0.000000	9	86
000151	-20.276231	158.669617	8411.517609	8411.517609	375	8411.541939	8411.493280	0.000000	0.000000	9	28
000152	-41.745181	104.730659	8410.587765	8410.587765	686	8410.637856	8410.537675	0.000000	0.000000	9	13
000153	-44.130620	16993.306641	8410.187221	8410.187221	824	8410.240173	8410.134268	0.000000	0.000000	9	16
000154	-39.359742	9305.492188	8409.898260	8409.898260	917	8409.945488	8409.851032	0.000000	0.000000	9	42
000155	-38.167023	158.204956	8410.008410	8410.008410	892	8410.054207	8409.962613	0.000000	0.000000	9	15
000156	-50.094217	12485.706055	8410.437557	8410.437557	726	8410.497665	8410.377449	0.000000	0.000000	9	26
000157	47.708778	2114.064941	8409.931208	8409.931208	979	8409.873962	8409.988455	0.000000	0.000000	9	92
000158	-15.505353	131.767075	8411.517612	8411.517612	378	8411.536217	8411.499007	0.000000	0.000000	9	30
000159	-14.312633	24.694029	8409.839622	8409.839622	960	8409.856796	8409.822449	0.000000	0.000000	9	8
000160	-42.937900	334.893555	8411.513306	8411.513306	361	8411.564827	8411.461784	0.000000	0.000000	9	19
000161	-17.890792	140.015793	8411.517610	8411.517610	377	8411.539078	8411.496143	0.000000	0.000000	9	30
000162	-10.734475	102.649673	8411.517614	8411.517614	382	8411.530495	8411.504734	0.000000	0.000000	9	32
000163	-45.323339	12034.340820	8410.423254	8410.423254	729	8410.477638	8410.368871	0.000000	0.000000	9	40
000164	-34.588864	88.206856	8410.556298	8410.556298	691	8410.597801	8410.514794	0.000000	0.000000	9	32
000165	-11.927195	109.288322	8411.519044	8411.519044	381	8411.533356	8411.504733	0.000000	0.000000	9	32
000166	-28.625267	143.863708	8410.554870	8410.554870	695	8410.589218	8410.520523	0.000000	0.000000	9	28
000167	45.323339	2180.995117	8409.931207	8409.931207	977	8409.876823	8409.985591	0.000000	0.000000	9	90
000168	-33.396145	8388.846680	8409.902555	8409.902555	920	8409.942627	8409.862482	0.000000	0.000000	9	45
000169	-36.974303	9011.557617	8409.901122	8409.901122	918	8409.945488	8409.856757	0.000000	0.000000	9	43
000170	16.698072	370.435974	8410.984048	8410.984048	589	8410.964012	8411.004084	0.000000	0.000000	9	62
000171	-44.130620	10061.327148	8409.898257	8409.898257	914	8409.951210	8409.845305	0.000000	0.000000	9	39
000172	-32.203425	788.614014	8410.556299	8410.556299	712	8410.594940	8410.517658	0.000000	0.000000	9	30
000173	-32.203425	947.656982	8410.556299	8410.556299	713	8410.594940	8410.517658	0.000000	0.000000	9	30
000174	-44.130620	152.557846	8410.004115	8410.004115	888	8410.057068	8409.951163	0.000000	0.000000	9	12
000175	-26.239828	8640.134766	8410.428987	8410.428987	740	8410.460472	8410.397501	0.000000	0.000000	9	52
000176	-34.588864	575.013733	8410.556298	8410.556298	710	8410.597801	8410.514794	0.000000	0.000000	9	32
000177	-21.468950	14763.249023	8410.197246	8410.197246	838	8410.223007	8410.171486	0.000000	0.000000	9	30
000178	-13.119914	116.305771	8411.520474	8411.520474	380	8411.536217	8411.504731	0.000000	0.000000	9	31
000179	-42.937900	115.475510	8410.589195	8410.589195	685	8410.640717	8410.537674	0.000000	0.000000	9	12
000180	-38.167023	87.307632	8410.583476	8410.583476	688	8410.629272	8410.537679	0.000000	0.000000	9	16
000181	32.203425	2569.179443	8409.929770	8409.929770	967	8409.891129	8409.968411	0.000000	0.000000	9	80
000182	-27.432547	215.188202	8411.517605	8411.517605	370	8411.550522	8411.484689	0.000000	0.000000	9	25
000183	-21.468950	761.351746	8410.978306	8410.978306	562	8411.004066	8410.952545	0.000000	0.000000	9	35
000184	-41.745181	480.079071	8410.533406	8410.533406	705	8410.583496	8410.483315	0.000000	0.000000	9	15
000185	-8.349036	96.177261	8411.520477	8411.520477	383	8411.530495	8411.510459	0.000000	0.000000	9	33
000186	-16.698072	700.266846	8410.978308	8410.978308	565	8410.998344	8410.958272	0.000000	0.000000	9	39
000187	-47.708778	1325.401245	8410.969709	8410.969709	546	8411.026955	8410.912463	0.000000	0.000000	9	19
000188	-2.385439	516.915588	8410.981177	8410.981177	576	8410.984039	8410.978315	0.000000	0.000000	9	49
000189	-32.203425	97.361664	8410.556299	8410.556299	692	8410.594940	8410.517658	0.000000	0.000000	9	30
000190	-48.901498	19273.248047	8410.187218	8410.187218	821	8410.245895	8410.128541	0.000000	0.000000	9	13
000191	-31.010706	1140.877441	8410.554869	8410.554869	714	8410.592079	8410.517659	0.000000	0.000000	9	30
000192	-31.010706	1374.342651	8410.554869	8410.554869	715	8410.592079	8410.517659	0.000000	0.000000	9	30
000193	1.192719	500.374176	8410.982609	8410.982609	577	8410.981178	8410.984041	0.000000	0.000000	9	51
000194	1.192719	488.461548	8410.982609	8410.982609	578	8410.981178	8410.984041	0.000000	0.000000	9	51
000195	-3.578158	5788.685059	8410.439013	8410.439013	755	8410.443306	8410.434719	0.000000	0.000000	9	65
000196	51.286937	2706.389404	8410.364655	8410.364655	797	8410.303116	8410.426195	0.000000	0.000000	9	207
000197	-29.817986	7777.708008	8409.903987	8409.903987	922	8409.939766	8409.868208	0.000000	0.000000	9	47
000198	7.156317	433.562561	8410.981182	8410.981182	582	8410.972595	8410.989769	0.000000	0.000000	9	56
000199	-38.167023	462.476288	8410.534838	8410.534838	707	8410.580635	8410.489041	0.000000	0.000000	9	17
000200	-38.167023	10906.445312	8410.426119	8410.426119	733	8410.471916	8410.380322	0.000000	0.000000	9	44
000201	-56.057814	12420.161133	8410.436123	8410.436123	723	8410.503387	8410.368859	0.000000	0.000000	9	23
000202	-50.094217	183.804184	8410.002682	8410.002682	885	8410.062790	8409.942573	0.000000	0.000000	9	9
000203	-22.661670	6487.243164	8409.903991	8409.903991	927	8409.931183	8409.876799	0.000000	0.000000	9	52
000204	5.963597	445.995392	8410.982612	8410.982612	581	8410.975456	8410.989768	0.000000	0.000000	9	55
000205	-31.010706	109.989853	8410.554869	8410.554869	693	8410.592079	8410.517659	0.000000	0.000000	9	30
000206	-14.312633	124.141357	8411.519043	8411.519043	379	8411.536217	8411.501869	0.000000	0.000000	9	31
000207	-50.094217	10482.005859	8409.911129	8409.911129	911	8409.971237	8409.851020	0.000000	0.000000	9	25
000208	-34.588864	14678.609375	8410.192948	8410.192948	829	8410.234451	8410.151444	0.000000	0.000000	9	21
000209	-41.745181	143.210648	8410.006978	8410.006978	889	8410.057068	8409.956887	0.000000	0.000000	9	13
000210	-19.083511	739.401123	8410.978307	8410.978307	563	8411.001205	8410.955409	0.000000	0.000000	9	37
000211	-19.083511	13541.476562	8410.202970	8410.202970	840	8410.225868	8410.180071	0.000000	0.000000	9	35
000212	-45.323339	127.676476	8410.589194	8410.589194	684	8410.643578	8410.534810	0.000000	0.000000	9	12
000213	-45.323339	527.619568	8410.531973	8410.531973	703	8410.586357	8410.477590	0.000000	0.000000	9	13
000214	40.552461	2505.346924	8410.211585	8410.211585	888	8410.162926	8410.260244	0.000000	0.000000	9	79
000215	-13.119914	664.495056	8410.979741	8410.979741	567	8410.995483	8410.963998	0.000000	0.000000	9	41
000216	-33.396145	1037.567261	8410.972577	8410.972577	554	8411.012650	8410.932505	0.000000	0.000000	9	28
000217	-17.890792	719.548828	8410.976877	8410.976877	564	8410.998344	8410.955410	0.000000	0.000000	9	38
000218	-14.312633	10761.585938	8410.202972	8410.202972	843	8410.220146	8410.185799	0.000000	0.000000	9	38
000219	-19.083511	149.086288	8411.519040	8411.519040	376	8411.541939	8411.496142	0.000000	0.000000	9	29
000220	-56.057814	10425.989258	8409.909695	8409.909695	908	8409.976959	8409.842431	0.000000	0.000000	9	21
000221	-23.854389	814.853516	8410.975443	8410.975443	560	8411.004066	8410.946820	0.000000	0.000000	9	34
000222	-27.432547	878.450439	8410.974011	8410.974011	558	8411.006927	8410.941095	0.000000	0.000000	9	32
000223	-36.974303	188.110062	8410.006980	8410.006980	893	8410.051346	8409.962614	0.000000	0.000000	9	14
000224	-14.312633	6838.583496	8410.434715	8410.434715	748	8410.451889	8410.417541	0.000000	0.000000	9	59
000225	-31.010706	9576.916992	8410.428984	8410.428984	737	8410.466194	8410.391774	0.000000	0.000000	9	49
000226	36.974303	2746.381592	8410.210152	8410.210152	885	8410.165787	8410.254518	0.000000	0.000000	9	76
000227	-22.661670	787.326538	8410.976875	8410.976875	561	8411.004066	8410.949683	0.000000	0.000000	9	35
000228	-23.854389	72.935913	8409.905421	8409.905421	953	8409.934044	8409.876798	0.000000	0.000000	9	51
000229	9.541756	423.172760	8410.984044	8410.984044	583	8410.972595	8410.995494	0.000000	0.000000	9	57
000230	9.541756	414.234161	8410.984044	8410.984044	584	8410.972595	8410.995494	0.000000	0.000000	9	57
000231	-34.588864	310.450012	8410.009842	8410.009842	895	8410.051346	8409.968339	0.000000	0.000000	9	13
000232	-20.276231	6269.544922	8409.906853	8409.906853	928	8409.931183	8409.882524	0.000000	0.000000	9	53
000233	-3.578158	551.139893	8410.979746	8410.979746	574	8410.984039	8410.975452	0.000000	0.000000	9	48
000234	-54.865095	154.101547	8410.583467	8410.583467	679	8410.649300	8410.517634	0.000000	0.000000	9	8
000235	-54.865095	591.086426	8410.529107	8410.529107	698	8410.594940	8410.463274	0.000000	0.000000	9	7
000236	-22.661670	68.269279	8409.903991	8409.903991	954	8409.931183	8409.876799	0.000000	0.000000	9	52
000237	14.312633	387.025574	8410.984047	8410.984047	587	8410.966873	8411.001221	0.000000	0.000000	9	61
000238	10.734475	403.865234	8410.982615	8410.982615	585	8410.969734	8410.995495	0.000000	0.000000	9	58
000239	41.745181	2286.388428	8409.929775	8409.929775	974	8409.879684	8409.979865	0.000000	0.000000	9	88
000240	-23.854389	19.950684	8410.620677	8410.620677	680	8410.649300	8410.592054	0.000000	0.000000	9	6
000241	-23.854389	12815.553711	8410.197245	8410.197245	836	8410.225868	8410.168622	0.000000	0.000000	9	28
000242	-36.974303	477.383728	8410.536269	8410.536269	708	8410.580635	8410.491904	0.000000	0.000000	9	17
000243	-16.698072	5742.154785	8409.919730	8409.919730	931	8409.939766	8409.899694	0.000000	0.000000	9	46
000244	-16.698072	42.829979	8409.842482	8409.842482	958	8409.862518	8409.822446	0.000000	0.000000	9	9
000245	-28.625267	9242.609375	8410.428985	8410.428985	738	8410.463333	8410.394638	0.000000	0.000000	9	50
000246	-9.541756	614.264038	8410.981173	8410.981173	570	8410.992622	8410.969724	0.000000	0.000000	9	43
000247	15.505353	378.522522	8410.982617	8410.982617	588	8410.964012	8411.001222	0.000000	0.000000	9	62
000248	-1.192719	7432.725098	8410.210132	8410.210132	854	8410.211563	8410.208701	0.000000	0.000000	9	45
000249	-10.734475	5171.271973	8409.921164	8409.921164	935	8409.934044	8409.908283	0.000000	0.000000	9	50
000250	-7.156317	6053.981445	8410.437580	8410.437580	753	8410.446167	8410.428993	0.000000	0.000000	9	63
000251	42.937900	2938.212646	8410.374664	8410.374664	791	8410.323143	8410.426186	0.000000	0.000000	9	195
000252	-15.505353	12.162322	8410.622112	8410.622112	686	8410.640717	8410.603507	0.000000	0.000000	9	5
000253	25.047109	3673.071533	8410.490526	8410.490526	777	8410.460472	8410.520580	0.000000	0.000000	9	103
000254	-4.770878	22.164085	8410.437581	8410.437581	783	8410.443306	8410.431857	0.000000	0.000000	9	64
000255	-21.468950	63.035519	8409.845341	8409.845341	955	8409.871101	8409.819580	0.000000	0.000000	9	10
000256	-4.770878	565.669861	8410.981176	8410.981176	573	8410.986900	8410.975451	0.000000	0.000000	9	47
000257	-17.890792	5907.042969	8409.921160	8409.921160	930	8409.942627	8409.899692	0.000000	0.000000	9	45
000258	-17.890792	50.498348	8409.843912	8409.843912	957	8409.865379	8409.822445	0.000000	0.000000	9	9
000259	58.443253	2503.580566	8410.370381	8410.370381	803	8410.300255	8410.440508	0.000000	0.000000	9	206
000260	58.443253	2454.374023	8410.370381	8410.370381	804	8410.300255	8410.440508	0.000000	0.000000	9	206
000261	58.443253	2390.281494	8410.370381	8410.370381	805	8410.300255	8410.440508	0.000000	0.000000	9	206
000262	58.443253	2307.382812	8410.370381	8410.370381	806	8410.300255	8410.440508	0.000000	0.000000	9	206
000263	58.443253	2205.255371	8410.370381	8410.370381	807	8410.300255	8410.440508	0.000000	0.000000	9	206
000264	58.443253	2084.338867	8410.370381	8410.370381	808	8410.300255	8410.440508	0.000000	0.000000	9	206
000265	58.443253	1947.120728	8410.370381	8410.370381	809	8410.300255	8410.440508	0.000000	0.000000	9	206
000266	58.443253	1800.979980	8410.370381	8410.370381	810	8410.300255	8410.440508	0.000000	0.000000	9	206
000267	58.443253	1645.095215	8410.370381	8410.370381	811	8410.300255	8410.440508	0.000000	0.000000	9	206
000268	58.443253	1487.020020	8410.370381	8410.370381	812	8410.300255	8410.440508	0.000000	0.000000	9	206
000269	58.443253	1338.154419	8410.370381	8410.370381	813	8410.300255	8410.440508	0.000000	0.000000	9	206
000270	58.443253	1836.051392	8410.370381	8410.370381	815	8410.300255	8410.440508	0.000000	0.000000	9	206
000271	-5.963597	26.431110	8410.439011	8410.439011	782	8410.446167	8410.431855	0.000000	0.000000	9	63
000272	-26.239828	180.484497	8410.554872	8410.554872	697	8410.586357	8410.523386	0.000000	0.000000	9	26
000273	-39.359742	1166.221436	8410.971144	8410.971144	551	8411.018372	8410.923916	0.000000	0.000000	9	24
000274	-31.010706	98.634125	8409.902556	8409.902556	948	8409.939766	8409.865346	0.000000	0.000000	9	47
000275	-1.192719	4467.586914	8409.924030	8409.924030	941	8409.925461	8409.922599	0.000000	0.000000	9	56
000276	-9.541756	11074.739258	8410.205836	8410.205836	847	8410.217285	8410.194387	0.000000	0.000000	9	40
000277	-22.661670	22.574976	8410.622108	8410.622108	681	8410.649300	8410.594916	0.000000	0.000000	9	6
000278	-23.854389	178.945999	8411.519038	8411.519038	373	8411.547661	8411.490415	0.000000	0.000000	9	27
000279	-3.578158	4576.182129	8409.924028	8409.924028	940	8409.928322	8409.919735	0.000000	0.000000	9	54
000280	-20.276231	14484.836914	8410.204400	8410.204400	839	8410.228729	8410.180070	0.000000	0.000000	9	35
000281	-14.312633	5583.711426	8409.922592	8409.922592	932	8409.939766	8409.905418	0.000000	0.000000	9	47
000282	-4.770878	10187.632812	8410.208700	8410.208700	851	8410.214424	8410.202975	0.000000	0.000000	9	43
000283	-15.505353	34.032959	8409.841052	8409.841052	959	8409.859657	8409.822447	0.000000	0.000000	9	8
000284	-11.927195	6665.107910	8410.434716	8410.434716	749	8410.449028	8410.420405	0.000000	0.000000	9	60
000285	-58.443253	12279.140625	8410.433261	8410.433261	722	8410.503387	8410.363135	0.000000	0.000000	9	22
000286	0.000000	7432.225586	8410.208702	8410.208702	855	8410.208702	8410.208702	0.000000	0.000000	9	46
000287	-17.890792	20.108746	8410.622110	8410.622110	684	8410.643578	8410.600643	0.000000	0.000000	9	6
000288	-21.468950	2459.501709	8410.197246	8410.197246	816	8410.223007	8410.171486	0.000000	0.000000	9	30
000289	-9.541756	39.522099	8410.437579	8410.437579	779	8410.449028	8410.426130	0.000000	0.000000	9	61
000290	3.578158	4022.097412	8409.926893	8409.926893	945	8409.922600	8409.931187	0.000000	0.000000	9	59
000291	-28.625267	85.166000	8409.902557	8409.902557	950	8409.936905	8409.868210	0.000000	0.000000	9	48
000292	5.963597	3837.715820	8409.926895	8409.926895	947	8409.919739	8409.934050	0.000000	0.000000	9	61
000293	31.010706	283.000916	8410.986917	8410.986917	600	8410.949707	8411.024127	0.000000	0.000000	9	73
000294	0.000000	10.110727	8410.351753	8410.351753	786	8410.351753	8410.351753	0.000000	0.000000	9	4
000295	58.443253	1878.417114	8409.932645	8409.932645	987	8409.862518	8410.002771	0.000000	0.000000	9	100
000296	58.443253	1846.402100	8409.932645	8409.932645	988	8409.862518	8410.002771	0.000000	0.000000	9	100
000297	58.443253	1801.804565	8409.932645	8409.932645	989	8409.862518	8410.002771	0.000000	0.000000	9	100
000298	58.443253	1742.277100	8409.932645	8409.932645	990	8409.862518	8410.002771	0.000000	0.000000	9	100
000299	58.443253	1671.446777	8409.932645	8409.932645	991	8409.862518	8410.002771	0.000000	0.000000	9	100
000300	-5.963597	11032.850586	8410.207268	8410.207268	850	8410.214424	8410.200113	0.000000	0.000000	9	42
000301	-5.963597	4803.336426	8409.924027	8409.924027	938	8409.931183	8409.916871	0.000000	0.000000	9	53
000302	-51.286937	189.583191	8410.001250	8410.001250	884	8410.062790	8409.939711	0.000000	0.000000	9	8
000303	33.396145	3322.688965	8410.489100	8410.489100	783	8410.449028	8410.529173	0.000000	0.000000	9	108
000304	-28.625267	7492.581543	8409.902557	8409.902557	923	8409.936905	8409.868210	0.000000	0.000000	9	48
000305	-20.276231	22.584391	8410.622109	8410.622109	683	8410.646439	8410.597779	0.000000	0.000000	9	6
000306	-39.359742	143.116928	8410.006979	8410.006979	891	8410.054207	8409.959751	0.000000	0.000000	9	14
000307	0.000000	5386.895020	8410.489082	8410.489082	758	8410.489082	8410.489082	0.000000	0.000000	9	88
000308	9.541756	5215.309082	8410.211568	8410.211568	863	8410.200119	8410.223017	0.000000	0.000000	9	53
000309	-7.156317	12.562447	8410.577770	8410.577770	692	8410.586357	8410.569183	0.000000	0.000000	9	25
000310	-7.156317	20.522133	8410.577770	8410.577770	693	8410.586357	8410.569183	0.000000	0.000000	9	25
000311	-36.974303	16152.382812	8410.192947	8410.192947	828	8410.237312	8410.148581	0.000000	0.000000	9	19
000312	2.385439	1538.447266	8410.028459	8410.028459	905	8410.025597	8410.031321	0.000000	0.000000	9	13
000313	14.312633	4259.070801	8410.489090	8410.489090	769	8410.471916	8410.506264	0.000000	0.000000	9	95
000314	-27.432547	8938.443359	8410.430417	8410.430417	739	8410.463333	8410.397500	0.000000	0.000000	9	51
000315	1.192719	4224.958984	8409.924031	8409.924031	943	8409.922600	8409.925462	0.000000	0.000000	9	58
000316	1.192719	4131.968750	8409.924031	8409.924031	944	8409.922600	8409.925462	0.000000	0.000000	9	58
000317	-4.770878	4686.722656	8409.922597	8409.922597	939	8409.928322	8409.916873	0.000000	0.000000	9	54
000318	-15.505353	681.187256	8410.979739	8410.979739	566	8410.998344	8410.961134	0.000000	0.000000	9	39
000319	-9.541756	6351.827637	8410.437579	8410.437579	751	8410.449028	8410.426130	0.000000	0.000000	9	61
000320	4.770878	7338.590820	8410.208705	8410.208705	859	8410.202980	8410.214429	0.000000	0.000000	9	50
000321	-26.239828	13997.842773	8410.194383	8410.194383	835	8410.225868	8410.162898	0.000000	0.000000	9	26
000322	3.578158	7396.879395	8410.210135	8410.210135	858	8410.205841	8410.214428	0.000000	0.000000	9	49
000323	9.541756	4616.417480	8410.489087	8410.489087	765	8410.477638	8410.500537	0.000000	0.000000	9	92
000324	-27.432547	162.738434	8410.556302	8410.556302	696	8410.589218	8410.523385	0.000000	0.000000	9	27
000325	13.119914	4344.788086	8410.490520	8410.490520	768	8410.474777	8410.506263	0.000000	0.000000	9	95
000326	-19.083511	6083.521484	8409.919729	8409.919729	929	8409.942627	8409.896830	0.000000	0.000000	9	44
000327	-19.083511	57.414478	8409.845342	8409.845342	956	8409.868240	8409.822443	0.000000	0.000000	9	9
000328	58.443253	1581.037231	8409.932645	8409.932645	992	8409.862518	8410.002771	0.000000	0.000000	9	100
000329	58.443253	1478.538086	8409.932645	8409.932645	993	8409.862518	8410.002771	0.000000	0.000000	9	100
000330	58.443253	1365.721191	8409.932645	8409.932645	994	8409.862518	8410.002771	0.000000	0.000000	9	100
000331	58.443253	1243.149780	8409.932645	8409.932645	995	8409.862518	8410.002771	0.000000	0.000000	9	100
000332	58.443253	1114.623291	8409.932645	8409.932645	996	8409.862518	8410.002771	0.000000	0.000000	9	100
000333	58.443253	979.375244	8409.932645	8409.932645	997	8409.862518	8410.002771	0.000000	0.000000	9	100
000334	58.443253	844.017822	8409.932645	8409.932645	998	8409.862518	8410.002771	0.000000	0.000000	9	100
000335	58.443253	711.473877	8409.932645	8409.932645	999	8409.862518	8410.002771	0.000000	0.000000	9	100
000336	58.443253	578.328003	8409.932645	8409.932645	1000	8409.862518	8410.002771	0.000000	0.000000	9	100
000337	58.443253	455.861786	8409.932645	8409.932645	1001	8409.862518	8410.002771	0.000000	0.000000	9	100
000338	58.443253	339.198029	8409.932645	8409.932645	1002	8409.862518	8410.002771	0.000000	0.000000	9	100
000339	58.443253	237.238373	8409.932645	8409.932645	1003	8409.862518	8410.002771	0.000000	0.000000	9	100
000340	58.443253	144.981277	8409.932645	8409.932645	1004	8409.862518	8410.002771	0.000000	0.000000	9	100
000341	58.443253	67.529312	8409.932645	8409.932645	1005	8409.862518	8410.002771	0.000000	0.000000	9	100
000342	-21.468950	23.692080	8410.623539	8410.623539	682	8410.649300	8410.597778	0.000000	0.000000	9	7
000343	-8.349036	10311.351562	8410.207267	8410.207267	848	8410.217285	8410.197249	0.000000	0.000000	9	41
000344	-11.927195	15.266006	8409.839624	8409.839624	961	8409.853935	8409.825312	0.000000	0.000000	9	5
000345	-22.661670	8102.987305	8410.430419	8410.430419	742	8410.457611	8410.403227	0.000000	0.000000	9	54
000346	-20.276231	7621.798828	8410.433282	8410.433282	744	8410.457611	8410.408952	0.000000	0.000000	9	55
000347	4.770878	3925.316162	8409.925463	8409.925463	946	8409.919739	8409.931188	0.000000	0.000000	9	60
000348	-45.323339	18725.742188	8410.188651	8410.188651	823	8410.243034	8410.134267	0.000000	0.000000	9	15
000349	7.156317	3747.337646	8409.925465	8409.925465	948	8409.916878	8409.934052	0.000000	0.000000	9	62
000350	-21.468950	7855.580566	8410.431850	8410.431850	743	8410.457611	8410.406090	0.000000	0.000000	9	54
000351	44.130620	2274.753906	8410.356068	8410.356068	891	8410.303116	8410.409021	0.000000	0.000000	9	207
000352	-10.734475	11713.504883	8410.204405	8410.204405	846	8410.217285	8410.191524	0.000000	0.000000	9	40
000353	14.312633	3984.386230	8410.211571	8410.211571	866	8410.194397	8410.228745	0.000000	0.000000	9	57
000354	-51.286937	21013.589844	8410.184356	8410.184356	820	8410.245895	8410.122816	0.000000	0.000000	9	12
000355	-26.239828	80.308075	8409.902559	8409.902559	951	8409.934044	8409.871073	0.000000	0.000000	9	50
000356	-15.505353	7017.017090	8410.433284	8410.433284	747	8410.451889	8410.414679	0.000000	0.000000	9	58
000357	-9.541756	5042.816895	8409.922595	8409.922595	936	8409.934044	8409.911145	0.000000	0.000000	9	51
000358	-16.698072	16.402613	8410.620680	8410.620680	685	8410.640717	8410.600644	0.000000	0.000000	9	6
000359	8.349036	5855.440918	8410.210137	8410.210137	862	8410.200119	8410.220155	0.000000	0.000000	9	52
000360	-29.817986	125.811134	8410.556300	8410.556300	694	8410.592079	8410.520522	0.000000	0.000000	9	29
000361	-17.890792	7406.706055	8410.433283	8410.433283	745	8410.454750	8410.411816	0.000000	0.000000	9	57
000362	-41.745181	17803.273438	8410.190083	8410.190083	825	8410.240173	8410.139993	0.000000	0.000000	9	17
000363	3.578158	470.665192	8410.982611	8410.982611	579	8410.978317	8410.986904	0.000000	0.000000	9	53
000364	-45.323339	163.491867	8410.002684	8410.002684	887	8410.057068	8409.948300	0.000000	0.000000	9	12
000365	-11.927195	5304.396484	8409.922593	8409.922593	934	8409.936905	8409.908282	0.000000	0.000000	9	49
000366	48.901498	2778.806152	8410.361793	8410.361793	795	8410.303116	8410.420470	0.000000	0.000000	9	207
000367	-16.698072	7209.546387	8410.434714	8410.434714	746	8410.454750	8410.414678	0.000000	0.000000	9	57
000368	-25.047109	15.154700	8410.622106	8410.622106	679	8410.652161	8410.592052	0.000000	0.000000	9	5
000369	-2.385439	5668.170898	8410.449027	8410.449027	756	8410.451889	8410.446164	0.000000	0.000000	9	58
000370	-25.047109	8361.199219	8410.430418	8410.430418	741	8410.460472	8410.400364	0.000000	0.000000	9	52
000371	26.239828	3867.736328	8410.211577	8410.211577	876	8410.180092	8410.243063	0.000000	0.000000	9	65
000372	-5.963597	5911.769043	8410.439011	8410.439011	754	8410.446167	8410.431855	0.000000	0.000000	9	63
000373	2.385439	1321.619995	8410.489084	8410.489084	718	8410.486221	8410.491946	0.000000	0.000000	9	88
000374	2.385439	1560.475830	8410.489084	8410.489084	719	8410.486221	8410.491946	0.000000	0.000000	9	88
000375	2.385439	1808.370483	8410.489084	8410.489084	720	8410.486221	8410.491946	0.000000	0.000000	9	88
000376	2.385439	2068.039307	8410.489084	8410.489084	721	8410.486221	8410.491946	0.000000	0.000000	9	88
000377	-25.047109	844.138489	8410.976873	8410.976873	559	8411.006927	8410.946819	0.000000	0.000000	9	33
000378	-7.156317	10813.522461	8410.205837	8410.205837	849	8410.214424	8410.197250	0.000000	0.000000	9	42
000379	5.963597	4917.798828	8410.490516	8410.490516	762	8410.483360	8410.497672	0.000000	0.000000	9	91
000380	47.708778	217.401230	8410.986926	8410.986926	613	8410.929680	8411.044172	0.000000	0.000000	9	85
000381	-10.734475	6507.291504	8410.436148	8410.436148	750	8410.449028	8410.423267	0.000000	0.000000	9	61
000382	-22.661670	14428.942383	8410.198676	8410.198676	837	8410.225868	8410.171484	0.000000	0.000000	9	29
000383	3.578158	5020.508789	8410.490515	8410.490515	761	8410.486221	8410.494808	0.000000	0.000000	9	89
000384	-29.817986	953.747742	8410.974010	8410.974010	556	8411.009789	8410.938231	0.000000	0.000000	9	30
000385	-1.192719	5519.975098	8410.490512	8410.490512	757	8410.491943	8410.489081	0.000000	0.000000	9	89
000386	32.203425	277.159088	8410.985487	8410.985487	601	8410.946846	8411.024128	0.000000	0.000000	9	74
000387	-8.349036	6203.394531	8410.436149	8410.436149	752	8410.446167	8410.426131	0.000000	0.000000	9	62
000388	23.854389	327.517944	8410.984052	8410.984052	594	8410.955429	8411.012675	0.000000	0.000000	9	68
000389	7.156317	4808.490234	8410.489086	8410.489086	763	8410.480499	8410.497673	0.000000	0.000000	9	92
000390	16.698072	4181.421875	8410.489091	8410.489091	770	8410.469055	8410.509127	0.000000	0.000000	9	96
000391	23.854389	3742.717041	8410.491956	8410.491956	776	8410.463333	8410.520579	0.000000	0.000000	9	103
000392	1.192719	905.644165	8410.490513	8410.490513	716	8410.489082	8410.491945	0.000000	0.000000	9	88
000393	1.192719	1101.107788	8410.490513	8410.490513	717	8410.489082	8410.491945	0.000000	0.000000	9	88
000394	-2.385439	536.674377	8410.981177	8410.981177	575	8410.984039	8410.978315	0.000000	0.000000	9	49
000395	13.119914	396.177948	8410.982616	8410.982616	586	8410.966873	8410.998359	0.000000	0.000000	9	60
000396	-5.963597	581.346863	8410.979745	8410.979745	572	8410.986900	8410.972589	0.000000	0.000000	9	46
000397	7.156317	6531.025391	8410.211567	8410.211567	861	8410.202980	8410.220154	0.000000	0.000000	9	51
000398	34.588864	2935.586914	8410.210151	8410.210151	883	8410.168648	8410.251655	0.000000	0.000000	9	74
000399	29.817986	288.775604	8410.985486	8410.985486	599	8410.949707	8411.021265	0.000000	0.000000	9	72
000400	-17.890792	12102.768555	8410.204401	8410.204401	841	8410.225868	8410.182934	0.000000	0.000000	9	35
000401	-10.734475	631.442993	8410.979742	8410.979742	569	8410.992622	8410.966862	0.000000	0.000000	9	43
000402	46.516059	2241.164062	8410.358931	8410.358931	892	8410.303116	8410.414746	0.000000	0.000000	9	207
000403	2.385439	7422.376953	8410.208703	8410.208703	857	8410.205841	8410.211566	0.000000	0.000000	9	48
000404	27.432547	3610.148682	8410.490528	8410.490528	778	8410.457611	8410.523444	0.000000	0.000000	9	105
000405	26.239828	310.667511	8410.984053	8410.984053	596	8410.952568	8411.015539	0.000000	0.000000	9	70
000406	16.698072	3237.183350	8409.928331	8409.928331	955	8409.908295	8409.948367	0.000000	0.000000	9	69
000407	13.119914	3441.560303	8409.926898	8409.926898	952	8409.911156	8409.942641	0.000000	0.000000	9	66
000408	-2.385439	21.801409	8410.357474	8410.357474	784	8410.360336	8410.354612	0.000000	0.000000	9	7
000409	-2.385439	16.673229	8410.357474	8410.357474	785	8410.360336	8410.354612	0.000000	0.000000	9	7
000410	35.781584	3217.518799	8410.489102	8410.489102	785	8410.446167	8410.532036	0.000000	0.000000	9	109
000411	38.167023	251.382446	8410.986921	8410.986921	606	8410.941124	8411.032718	0.000000	0.000000	9	78
000412	-13.119914	11036.122070	8410.204404	8410.204404	844	8410.220146	8410.188661	0.000000	0.000000	9	38
000413	38.167023	2665.870361	8410.211584	8410.211584	886	8410.165787	8410.257380	0.000000	0.000000	9	77
000414	20.276231	343.970337	8410.985481	8410.985481	592	8410.961151	8411.009810	0.000000	0.000000	9	65
000415	38.167023	2397.947754	8409.931203	8409.931203	971	8409.885406	8409.977000	0.000000	0.000000	9	85
000416	38.167023	2360.099365	8409.931203	8409.931203	972	8409.885406	8409.977000	0.000000	0.000000	9	85
000417	1.192719	5277.061523	8410.490513	8410.490513	759	8410.489082	8410.491945	0.000000	0.000000	9	88
000418	1.192719	5136.196289	8410.490513	8410.490513	760	8410.489082	8410.491945	0.000000	0.000000	9	88
000419	13.119914	4432.302246	8410.490520	8410.490520	767	8410.474777	8410.506263	0.000000	0.000000	9	95
000420	31.010706	3304.173340	8410.211580	8410.211580	880	8410.174370	8410.248790	0.000000	0.000000	9	71
000421	33.396145	3055.131348	8410.211581	8410.211581	882	8410.171509	8410.251653	0.000000	0.000000	9	73
000422	29.817986	3489.025879	8410.490529	8410.490529	780	8410.454750	8410.526308	0.000000	0.000000	9	105
000423	27.432547	2764.786133	8409.929767	8409.929767	963	8409.896851	8409.962684	0.000000	0.000000	9	77
000424	8.349036	4704.805664	8410.490517	8410.490517	764	8410.480499	8410.500535	0.000000	0.000000	9	91
000425	14.312633	3371.356689	8409.928330	8409.928330	953	8409.911156	8409.945503	0.000000	0.000000	9	67
000426	25.047109	2872.535400	8409.929766	8409.929766	961	8409.899712	8409.959820	0.000000	0.000000	9	75
000427	28.625267	3549.835449	8410.491959	8410.491959	779	8410.457611	8410.526306	0.000000	0.000000	9	105
000428	-2.385439	7447.949707	8410.208701	8410.208701	853	8410.211563	8410.205839	0.000000	0.000000	9	44
000429	15.505353	3302.072754	8409.926900	8409.926900	954	8409.908295	8409.945505	0.000000	0.000000	9	68
000430	44.130620	2214.266113	8409.932637	8409.932637	976	8409.879684	8409.985590	0.000000	0.000000	9	89
000431	0.000000	4335.422852	8409.925461	8409.925461	942	8409.925461	8409.925461	0.000000	0.000000	9	57
000432	39.359742	2583.769043	8410.210154	8410.210154	887	8410.162926	8410.257382	0.000000	0.000000	9	78
000433	10.734475	4515.048340	8410.490519	8410.490519	766	8410.477638	8410.503399	0.000000	0.000000	9	93
000434	9.541756	3667.941406	8409.925466	8409.925466	949	8409.914017	8409.936915	0.000000	0.000000	9	64
000435	10.734475	3583.846680	8409.926897	8409.926897	950	8409.914017	8409.939777	0.000000	0.000000	9	64
000436	28.625267	3572.831055	8410.211578	8410.211578	878	8410.177231	8410.245926	0.000000	0.000000	9	67
000437	21.468950	3880.708496	8410.491955	8410.491955	774	8410.466194	8410.517716	0.000000	0.000000	9	101
000438	-7.156317	30.786243	8410.437580	8410.437580	781	8410.446167	8410.428993	0.000000	0.000000	9	63
000439	22.661670	3808.379150	8410.490525	8410.490525	775	8410.463333	8410.517717	0.000000	0.000000	9	102
000440	-3.578158	7620.224609	8410.210131	8410.210131	852	8410.214424	8410.205837	0.000000	0.000000	9	43
000441	35.781584	265.582520	8410.986920	8410.986920	603	8410.943985	8411.029854	0.000000	0.000000	9	77
000442	-11.927195	11024.137695	8410.205835	8410.205835	845	8410.220146	8410.191523	0.000000	0.000000	9	39
000443	27.432547	303.416595	8410.985485	8410.985485	597	8410.952568	8411.018401	0.000000	0.000000	9	70
000444	1.192719	7432.337891	8410.210133	8410.210133	856	8410.208702	8410.211564	0.000000	0.000000	9	47
000445	25.047109	3974.884277	8410.210146	8410.210146	875	8410.180092	8410.240200	0.000000	0.000000	9	64
000446	5.963597	7080.406250	8410.210136	8410.210136	860	8410.202980	8410.217292	0.000000	0.000000	9	51
000447	10.734475	4656.875977	8410.210138	8410.210138	864	8410.197258	8410.223019	0.000000	0.000000	9	54
000448	45.323339	2892.497559	8410.357500	8410.357500	792	8410.303116	8410.411883	0.000000	0.000000	9	207
000449	29.817986	3455.673584	8410.213010	8410.213010	879	8410.177231	8410.248788	0.000000	0.000000	9	69
000450	-7.156317	4919.544922	8409.922596	8409.922596	937	8409.931183	8409.914009	0.000000	0.000000	9	52
000451	21.468950	334.984528	8410.984051	8410.984051	593	8410.958290	8411.009812	0.000000	0.000000	9	66
000452	50.094217	207.783417	8410.986927	8410.986927	615	8410.926819	8411.047036	0.000000	0.000000	9	86
000453	11.927195	3506.848877	8409.928328	8409.928328	951	8409.914017	8409.942640	0.000000	0.000000	9	65
000454	19.083511	352.217072	8410.984050	8410.984050	591	8410.961151	8411.006948	0.000000	0.000000	9	64
000455	50.094217	2739.846436	8410.363224	8410.363224	796	8410.303116	8410.423333	0.000000	0.000000	9	207
000456	50.094217	2105.623047	8410.363224	8410.363224	895	8410.303116	8410.423333	0.000000	0.000000	9	207
000457	36.974303	260.898102	8410.988351	8410.988351	604	8410.943985	8411.032716	0.000000	0.000000	9	77
000458	36.974303	255.964706	8410.988351	8410.988351	605	8410.943985	8411.032716	0.000000	0.000000	9	77
000459	34.588864	2524.398682	8409.929771	8409.929771	968	8409.888268	8409.971274	0.000000	0.000000	9	82
000460	58.443253	182.500565	8410.985501	8410.985501	622	8410.915375	8411.055628	0.000000	0.000000	9	92
000461	58.443253	177.066620	8410.985501	8410.985501	623	8410.915375	8411.055628	0.000000	0.000000	9	92
000462	58.443253	169.372498	8410.985501	8410.985501	624	8410.915375	8411.055628	0.000000	0.000000	9	92
000463	58.443253	158.950165	8410.985501	8410.985501	625	8410.915375	8411.055628	0.000000	0.000000	9	92
000464	58.443253	146.589066	8410.985501	8410.985501	626	8410.915375	8411.055628	0.000000	0.000000	9	92
000465	58.443253	131.584824	8410.985501	8410.985501	627	8410.915375	8411.055628	0.000000	0.000000	9	92
000466	58.443253	114.924294	8410.985501	8410.985501	628	8410.915375	8411.055628	0.000000	0.000000	9	92
000467	58.443253	96.019249	8410.985501	8410.985501	629	8410.915375	8411.055628	0.000000	0.000000	9	92
000468	58.443253	75.944519	8410.985501	8410.985501	630	8410.915375	8411.055628	0.000000	0.000000	9	92
000469	58.443253	56.024574	8410.985501	8410.985501	631	8410.915375	8411.055628	0.000000	0.000000	9	92
000470	58.443253	34.680969	8410.985501	8410.985501	632	8410.915375	8411.055628	0.000000	0.000000	9	92
000471	58.443253	15.018014	8410.985501	8410.985501	633	8410.915375	8411.055628	0.000000	0.000000	9	92
000472	36.974303	3165.865479	8410.487672	8410.487672	786	8410.443306	8410.532037	0.000000	0.000000	9	110
000473	58.443253	2187.597168	8410.370381	8410.370381	902	8410.300255	8410.440508	0.000000	0.000000	9	206
000474	58.443253	2251.865479	8410.370381	8410.370381	903	8410.300255	8410.440508	0.000000	0.000000	9	206
000475	58.443253	1433.354736	8410.370381	8410.370381	904	8410.300255	8410.440508	0.000000	0.000000	9	206
000476	26.239828	2816.022217	8409.928336	8409.928336	962	8409.896851	8409.959821	0.000000	0.000000	9	76
000477	51.286937	2048.395264	8409.932641	8409.932641	981	8409.871101	8409.994180	0.000000	0.000000	9	95
000478	51.286937	2018.645142	8409.932641	8409.932641	982	8409.871101	8409.994180	0.000000	0.000000	9	95
000479	15.505353	4247.062988	8410.210141	8410.210141	867	8410.191536	8410.228746	0.000000	0.000000	9	58
000480	19.083511	4023.266357	8410.491954	8410.491954	772	8410.469055	8410.514852	0.000000	0.000000	9	99
000481	41.745181	3026.088135	8410.373233	8410.373233	789	8410.323143	8410.423324	0.000000	0.000000	9	194
000482	41.745181	2980.046631	8410.373233	8410.373233	790	8410.323143	8410.423324	0.000000	0.000000	9	194
000483	35.781584	2826.803955	8410.211582	8410.211582	884	8410.168648	8410.254517	0.000000	0.000000	9	75
000484	36.974303	2437.846436	8409.929772	8409.929772	970	8409.885406	8409.974138	0.000000	0.000000	9	84
000485	46.516059	2147.796631	8409.932638	8409.932638	978	8409.876823	8409.988453	0.000000	0.000000	9	91
000486	57.250534	1905.195312	8409.934075	8409.934075	986	8409.865379	8410.002770	0.000000	0.000000	9	99
000487	57.250534	2535.137695	8410.368950	8410.368950	802	8410.300255	8410.437645	0.000000	0.000000	9	206
000488	47.708778	2816.362549	8410.360362	8410.360362	794	8410.303116	8410.417608	0.000000	0.000000	9	207
000489	32.203425	3377.468750	8410.490530	8410.490530	782	8410.451889	8410.529171	0.000000	0.000000	9	107
000490	11.927195	4152.594238	8410.211570	8410.211570	865	8410.197258	8410.225881	0.000000	0.000000	9	55
000491	56.057814	2567.148193	8410.367519	8410.367519	801	8410.300255	8410.434783	0.000000	0.000000	9	206
000492	27.432547	3710.097900	8410.210147	8410.210147	877	8410.177231	8410.243064	0.000000	0.000000	9	66
000493	56.057814	2094.037598	8410.367519	8410.367519	900	8410.300255	8410.434783	0.000000	0.000000	9	206
000494	47.708778	2182.231445	8410.360362	8410.360362	893	8410.303116	8410.417608	0.000000	0.000000	9	207
000495	20.276231	4387.704102	8410.210143	8410.210143	871	8410.185814	8410.234473	0.000000	0.000000	9	61
000496	42.937900	2351.981201	8410.374664	8410.374664	890	8410.323143	8410.426186	0.000000	0.000000	9	195
000497	31.010706	3433.439697	8410.489099	8410.489099	781	8410.451889	8410.526309	0.000000	0.000000	9	106
000498	21.468950	4316.201172	8410.211575	8410.211575	872	8410.185814	8410.237335	0.000000	0.000000	9	61
000499	46.516059	222.704330	8410.985495	8410.985495	612	8410.929680	8411.041310	0.000000	0.000000	9	84
000500	22.661670	2986.693359	8409.929765	8409.929765	959	8409.902573	8409.956956	0.000000	0.000000	9	73
000501	51.286937	2095.425049	8410.364655	8410.364655	896	8410.303116	8410.426195	0.000000	0.000000	9	207
000502	51.286937	2057.196045	8410.364655	8410.364655	897	8410.303116	8410.426195	0.000000	0.000000	9	207
000503	53.672375	1987.748657	8409.932642	8409.932642	983	8409.868240	8409.997044	0.000000	0.000000	9	97
000504	45.323339	227.681732	8410.986925	8410.986925	611	8410.932541	8411.041308	0.000000	0.000000	9	83
000505	23.854389	4127.322266	8410.211576	8410.211576	874	8410.182953	8410.240199	0.000000	0.000000	9	63
000506	42.937900	237.375946	8410.986923	8410.986923	609	8410.935402	8411.038445	0.000000	0.000000	9	82
000507	38.167023	3117.127686	8410.489103	8410.489103	787	8410.443306	8410.534900	0.000000	0.000000	9	111
000508	46.516059	2855.543457	8410.358931	8410.358931	793	8410.303116	8410.414746	0.000000	0.000000	9	207
000509	54.865095	2109.237793	8410.366088	8410.366088	899	8410.300255	8410.431921	0.000000	0.000000	9	206
000510	31.010706	2616.591309	8409.931200	8409.931200	966	8409.893990	8409.968409	0.000000	0.000000	9	79
000511	53.672375	2633.098877	8410.367518	8410.367518	799	8410.303116	8410.431920	0.000000	0.000000	9	207
000512	54.865095	1958.629272	8409.931212	8409.931212	984	8409.865379	8409.997045	0.000000	0.000000	9	98
000513	51.286937	203.899979	8410.988358	8410.988358	616	8410.926819	8411.049898	0.000000	0.000000	9	87
000514	48.901498	2080.491455	8409.932640	8409.932640	980	8409.873962	8409.991317	0.000000	0.000000	9	93
000515	17.890792	4100.588379	8410.490522	8410.490522	771	8410.469055	8410.511990	0.000000	0.000000	9	98
000516	33.396145	271.202576	8410.986918	8410.986918	602	8410.946846	8411.026991	0.000000	0.000000	9	75
000517	17.890792	3170.052979	8409.926901	8409.926901	956	8409.905434	8409.948368	0.000000	0.000000	9	70
000518	29.817986	2661.450928	8409.929768	8409.929768	965	8409.893990	8409.965547	0.000000	0.000000	9	78
000519	52.479656	199.566330	8410.986929	8410.986929	617	8410.923958	8411.049899	0.000000	0.000000	9	88
000520	57.250534	2170.177002	8410.368950	8410.368950	901	8410.300255	8410.437645	0.000000	0.000000	9	206
000521	39.359742	3071.180908	8410.487673	8410.487673	788	8410.440445	8410.534901	0.000000	0.000000	9	112
000522	39.359742	246.782700	8410.988352	8410.988352	607	8410.941124	8411.035580	0.000000	0.000000	9	79
000523	20.276231	3108.840820	8409.929763	8409.929763	957	8409.905434	8409.954093	0.000000	0.000000	9	71
000524	21.468950	3046.440430	8409.928333	8409.928333	958	8409.902573	8409.954094	0.000000	0.000000	9	72
000525	56.057814	1932.151367	8409.932643	8409.932643	985	8409.865379	8409.999908	0.000000	0.000000	9	99
000526	48.901498	2158.455566	8410.361793	8410.361793	894	8410.303116	8410.420470	0.000000	0.000000	9	207
000527	48.901498	212.545441	8410.985496	8410.985496	614	8410.926819	8411.044173	0.000000	0.000000	9	86
000528	41.745181	2429.351074	8410.373233	8410.373233	889	8410.323143	8410.423324	0.000000	0.000000	9	194
000529	42.937900	2251.119385	8409.931206	8409.931206	975	8409.879684	8409.982727	0.000000	0.000000	9	88
000530	28.625267	2711.375488	8409.928337	8409.928337	964	8409.893990	8409.962685	0.000000	0.000000	9	78
000531	53.672375	195.573517	8410.988360	8410.988360	618	8410.923958	8411.052761	0.000000	0.000000	9	89
000532	56.057814	192.279160	8410.988361	8410.988361	619	8410.921097	8411.055625	0.000000	0.000000	9	91
000533	54.865095	2598.865479	8410.366088	8410.366088	800	8410.300255	8410.431921	0.000000	0.000000	9	206
000534	53.672375	2096.551270	8410.367518	8410.367518	898	8410.303116	8410.431920	0.000000	0.000000	9	207
000535	57.250534	188.966492	8410.986931	8410.986931	620	8410.918236	8411.055626	0.000000	0.000000	9	91
000536	57.250534	185.881729	8410.986931	8410.986931	621	8410.918236	8411.055626	0.000000	0.000000	9	91
000537	41.745181	242.200272	8410.988353	8410.988353	608	8410.938263	8411.038444	0.000000	0.000000	9	81
000538	52.479656	2669.809814	8410.366087	8410.366087	798	8410.303116	8410.429057	0.000000	0.000000	9	207
000539	35.781584	2481.564209	8409.931202	8409.931202	969	8409.888268	8409.974137	0.000000	0.000000	9	83
